//= Auriga Script ==============================================================
// Ragnarok Online Nameless Island Monster Spawn Script　　Ep 11.3
//==============================================================================

//============================================================
// 名も無き島 夜 - nameless_n.gat
//------------------------------------------------------------
nameless_n.gat,93,211,51,62	monster	ゾンビスローター	1864,3,15000,0,1
nameless_n.gat,93,211,51,62	monster	ラギッドゾンビ		1865,3,15000,0,1
nameless_n.gat,93,211,51,62	monster	ヘルプードル		1866,5,15000,0,1
nameless_n.gat,93,211,51,62	monster	バンシー		1867,4,15000,0,1
nameless_n.gat,93,211,51,62	monster	フレームスカル		1869,1,30000,0,1
nameless_n.gat,93,211,51,62	monster	グール			1036,10,30000,0,1
nameless_n.gat,204,225,57,70	monster	ゾンビスローター	1864,5,15000,0,1
nameless_n.gat,204,225,57,70	monster	ラギッドゾンビ		1865,5,15000,0,1
nameless_n.gat,204,225,57,70	monster	ヘルプードル		1866,5,15000,0,1
nameless_n.gat,204,225,57,70	monster	バンシー		1867,4,15000,0,1
nameless_n.gat,204,225,57,70	monster	フレームスカル		1869,1,30000,0,1
nameless_n.gat,204,225,57,70	monster	グール			1036,10,30000,0,1
nameless_n.gat,127,103,59,46	monster	ゾンビスローター	1864,2,15000,0,1
nameless_n.gat,127,103,59,46	monster	ラギッドゾンビ		1865,2,15000,0,1
nameless_n.gat,127,103,59,46	monster	ヘルプードル		1866,5,15000,0,1
nameless_n.gat,127,103,59,46	monster	バンシー		1867,4,15000,0,1
nameless_n.gat,127,103,59,46	monster	フレームスカル		1869,1,30000,0,1
nameless_n.gat,127,103,59,46	monster	グール			1036,10,30000,0,1
nameless_n.gat,234,95,40,58	monster	ゾンビスローター	1864,2,15000,0,1
nameless_n.gat,234,95,40,58	monster	ラギッドゾンビ		1865,2,15000,0,1
nameless_n.gat,234,95,40,58	monster	ヘルプードル		1866,2,15000,0,1
nameless_n.gat,234,95,40,58	monster	バンシー		1867,4,15000,0,1
nameless_n.gat,234,95,40,58	monster	フレームスカル		1869,1,30000,0,1
nameless_n.gat,234,95,40,58	monster	グール			1036,10,30000,0,1

//============================================================
// 修道院 01 - abbey01.gat
//------------------------------------------------------------
abbey01.gat,0,0,0,0		monster	バンシー		1867,30,0,0,1
abbey01.gat,97,270,87,87	monster	バンシー		1867,30,0,0,1
abbey01.gat,97,270,87,87	monster	ヘルプードル		1866,15,0,0,1
abbey01.gat,97,270,87,87	monster	ゾンビスローター	1864,10,0,0,1
abbey01.gat,97,270,87,87	monster	ラギッドゾンビ		1865,10,0,0,1
abbey01.gat,97,270,87,87	monster	フレームスカル		1869,9,0,0,1
abbey01.gat,97,270,87,87	monster	グール			1036,10,0,0,1
abbey01.gat,250,370,49,50	monster	バンシー		1867,2,0,0,1
abbey01.gat,250,370,49,50	monster	ヘルプードル		1866,3,0,0,1
abbey01.gat,250,370,49,50	monster	ゾンビスローター	1864,3,0,0,1
abbey01.gat,250,370,49,50	monster	ラギッドゾンビ		1865,3,0,0,1
abbey01.gat,250,370,49,50	monster	フレームスカル		1869,2,0,0,1
abbey01.gat,250,370,49,50	monster	グール			1036,4,0,0,1
abbey01.gat,374,207,39,100	monster	バンシー		1867,3,0,0,1
abbey01.gat,374,207,39,100	monster	ヘルプードル		1866,1,0,0,1
abbey01.gat,374,207,39,100	monster	ゾンビスローター	1864,1,0,0,1
abbey01.gat,374,207,39,100	monster	ラギッドゾンビ		1865,2,0,0,1
abbey01.gat,374,207,39,100	monster	フレームスカル		1869,1,0,0,1
abbey01.gat,374,207,39,100	monster	グール			1036,4,0,0,1
abbey01.gat,283,283,99,100	monster	バンシー		1867,10,0,0,1
abbey01.gat,283,283,99,100	monster	ヘルプードル		1866,5,0,0,1
abbey01.gat,283,283,99,100	monster	ゾンビスローター	1864,7,0,0,1
abbey01.gat,283,283,99,100	monster	ラギッドゾンビ		1865,7,0,0,1
abbey01.gat,283,283,99,100	monster	フレームスカル		1869,3,0,0,1
abbey01.gat,283,283,99,100	monster	グール			1036,10,0,0,1
abbey01.gat,71,67,64,58		monster	バンシー		1867,3,0,0,1
abbey01.gat,71,67,64,58		monster	ゾンビスローター	1864,3,0,0,1
abbey01.gat,71,67,64,58		monster	ラギッドゾンビ		1865,3,0,0,1
abbey01.gat,71,67,64,58		monster	フレームスカル		1869,1,0,0,1
abbey01.gat,71,67,64,58		monster	グール			1036,10,0,0,1
abbey01.gat,71,67,64,58		monster	ゾンビスローター	1864,4,0,0,1
abbey01.gat,71,67,64,58		monster	ラギッドゾンビ		1865,4,0,0,1
abbey01.gat,71,67,64,58		monster	フレームスカル		1869,3,0,0,1
abbey01.gat,71,67,64,58		monster	グール			1036,10,0,0,1
abbey01.gat,260,70,35,30	monster	バンシー		1867,7,0,0,1
abbey01.gat,260,70,35,30	monster	ヘルプードル		1866,1,0,0,1
abbey01.gat,260,70,35,30	monster	ゾンビスローター	1864,1,0,0,1
abbey01.gat,260,70,35,30	monster	ラギッドゾンビ		1865,2,0,0,1
abbey01.gat,260,70,35,30	monster	フレームスカル		1869,1,0,0,1
abbey01.gat,260,70,35,30	monster	グール			1036,4,0,0,1
abbey01.gat,260,100,35,30	monster	バンシー		1867,7,0,0,1
abbey01.gat,260,100,35,30	monster	ヘルプードル		1866,1,0,0,1
abbey01.gat,260,100,35,30	monster	ゾンビスローター	1864,1,0,0,1
abbey01.gat,260,100,35,30	monster	ラギッドゾンビ		1865,2,0,0,1
abbey01.gat,260,100,35,30	monster	フレームスカル		1869,1,0,0,1
abbey01.gat,260,100,35,30	monster	グール			1036,4,0,0,1

//============================================================
// 修道院 02 - abbey02.gat
//------------------------------------------------------------
abbey02.gat,150,66,36,64	monster	ゾンビスローター	1864,30,60000,0,1
abbey02.gat,150,66,36,64	monster	ラギッドゾンビ		1865,10,0,0,1
abbey02.gat,150,66,36,64	monster	フレームスカル		1869,3,0,0,1
abbey02.gat,150,66,36,64	monster	ネクロマンサー		1870,1,0,0,1
abbey02.gat,67,75,46,54		monster	ゾンビスローター	1864,30,124000,0,1
abbey02.gat,67,75,46,54		monster	ラギッドゾンビ		1865,10,0,0,1
abbey02.gat,67,75,46,54		monster	フレームスカル		1869,3,0,0,1
abbey02.gat,67,75,46,54		monster	ネクロマンサー		1870,1,0,0,1
abbey02.gat,232,76,46,54	monster	ゾンビスローター	1864,30,63000,0,1
abbey02.gat,232,76,46,54	monster	ラギッドゾンビ		1865,10,0,0,1
abbey02.gat,232,76,46,54	monster	フレームスカル		1869,3,0,0,1
abbey02.gat,232,76,46,54	monster	ネクロマンサー		1870,1,0,0,1
abbey02.gat,236,78,21,18	monster	堕ちた大神官ヒバム	1871,1,7200000,600000,1
abbey02.gat,150,153,142,23	monster	ゾンビスローター	1864,30,122000,0,1
abbey02.gat,150,153,142,23	monster	ラギッドゾンビ		1865,10,0,0,1
abbey02.gat,150,153,142,23	monster	フレームスカル		1869,3,0,0,1
abbey02.gat,150,153,142,23	monster	ネクロマンサー		1870,1,0,0,1
abbey02.gat,68,220,46,58	monster	ゾンビスローター	1864,30,60000,0,1
abbey02.gat,68,220,46,58	monster	ラギッドゾンビ		1865,10,0,0,1
abbey02.gat,68,220,46,58	monster	フレームスカル		1869,3,0,0,1
abbey02.gat,68,220,46,58	monster	ネクロマンサー		1870,1,0,0,1
abbey02.gat,150,240,35,44	monster	ゾンビスローター	1864,30,120000,0,1
abbey02.gat,150,240,35,44	monster	ラギッドゾンビ		1865,10,0,0,1
abbey02.gat,150,240,35,44	monster	フレームスカル		1869,3,0,0,1
abbey02.gat,150,240,35,44	monster	ネクロマンサー		1870,1,0,0,1
abbey02.gat,232,220,46,58	monster	ゾンビスローター	1864,30,60000,0,1
abbey02.gat,232,220,46,58	monster	ラギッドゾンビ		1865,10,0,0,1
abbey02.gat,232,220,46,58	monster	フレームスカル		1869,3,0,0,1
abbey02.gat,232,220,46,58	monster	ネクロマンサー		1870,1,0,0,1

//============================================================
// 修道院 03 - abbey03.gat
//------------------------------------------------------------
abbey03.gat,0,0,0,0		monster	ヴェルゼブブ	1873,1,43200000,600000,1
abbey03.gat,120,212,116,24	monster	ネクロマンサー	1870,10,0,0,1
abbey03.gat,120,212,116,24	monster	バンシー	1867,10,0,0,1
abbey03.gat,120,212,116,24	monster	フレームスカル	1869,5,0,0,1
abbey03.gat,122,152,111,36	monster	ネクロマンサー	1870,20,0,0,1
abbey03.gat,122,152,111,36	monster	バンシー	1867,10,0,0,1
abbey03.gat,122,152,111,36	monster	フレームスカル	1869,10,0,0,1
abbey03.gat,120,64,117,53	monster	ネクロマンサー	1870,30,0,0,1
abbey03.gat,120,64,117,53	monster	バンシー	1867,10,0,0,1
abbey03.gat,120,64,117,53	monster	フレームスカル	1869,10,0,0,1
