//= Auriga Script ==============================================================
// Ragnarok Online Abyss Lake Monster Spawn Script　　Ep 10.4
//==============================================================================

//============================================================
// アビスレイク地下洞窟 01 - abyss_01.gat
//------------------------------------------------------------
abyss_01.gat,0,0,0,0		monster	ミミック		1191,10,600000,0,0
abyss_01.gat,0,0,0,0		monster	エンシェントミミック	1699,10,600000,0,0
abyss_01.gat,152,205,130,70	monster	ペロス			1714,10,0,0,0
abyss_01.gat,152,205,130,70	monster	ペロス			1717,25,300000,0,0
abyss_01.gat,152,205,130,70	monster	ノーバス		1715,3,0,0,0
abyss_01.gat,152,205,130,70	monster	ノーバス		1718,3,0,0,0
abyss_01.gat,103,93,85,70	monster	ペロス			1714,10,0,0,0
abyss_01.gat,103,93,85,70	monster	ペロス			1717,15,300000,0,0
abyss_01.gat,103,93,85,70	monster	ノーバス		1715,3,0,0,0
abyss_01.gat,103,93,85,70	monster	ノーバス		1718,3,0,0,0
abyss_01.gat,195,102,85,70	monster	ペロス			1714,10,0,0,0
abyss_01.gat,195,102,85,70	monster	ペロス			1717,15,300000,0,0
abyss_01.gat,195,102,85,70	monster	ノーバス		1715,3,0,0,0
abyss_01.gat,195,102,85,70	monster	ノーバス		1718,3,0,0,0
abyss_01.gat,110,170,15,15	monster	ペノメナ		1216,15,660000,300000,0
abyss_01.gat,195,147,5,10	monster	ペノメナ		1216,5,720000,300000,0
abyss_01.gat,140,100,15,5	monster	ペノメナ		1216,10,780000,300000,0
abyss_01.gat,260,40,14,14	monster	ドラゴンの卵		1721,3,1200000,600000,0
abyss_01.gat,150,160,50,50	monster	ドラゴンの卵		1721,5,1800000,600000,0

//============================================================
// アビスレイク地下洞窟 02 - abyss_02.gat
//------------------------------------------------------------
abyss_02.gat,0,0,0,0	monster	ミミック		1191,10,900000,0,0
abyss_02.gat,0,0,0,0	monster	エンシェントミミック	1699,10,900000,0,0
abyss_02.gat,0,0,0,0	monster	ペロス			1714,50,300000,0,0
abyss_02.gat,0,0,0,0	monster	オシドス		1713,10,600000,0,0
abyss_02.gat,0,0,0,0	monster	オシドス		1716,60,300000,0,0
abyss_02.gat,0,0,0,0	monster	ノーバス		1715,5,0,0,0
abyss_02.gat,0,0,0,0	monster	ノーバス		1718,5,0,0,0
abyss_02.gat,0,0,0,0	monster	ドラゴンの卵		1721,10,1800000,600000,0

//============================================================
// アビスレイク地下洞窟 03 - abyss_03.gat
//------------------------------------------------------------
abyss_03.gat,0,0,0,0	monster	ミミック		1191,10,300000,0,0
abyss_03.gat,0,0,0,0	monster	エンシェントミミック	1699,10,300000,0,0
abyss_03.gat,0,0,0,0	monster	オシドス		1713,60,600000,0,0
abyss_03.gat,0,0,0,0	monster	オシドス		1716,10,300000,0,0
abyss_03.gat,0,0,0,0	monster	ペロス			1714,10,300000,0,0
abyss_03.gat,0,0,0,0	monster	ペロス			1717,10,300000,0,0
abyss_03.gat,0,0,0,0	monster	ドラゴンの卵		1721,10,1800000,600000,0
abyss_03.gat,0,0,0,0	monster	ハイドラランサー	1720,3,3000000,2400000,0
abyss_03.gat,0,0,0,0	monster	データルザウルス	1719,1,10800000,7200000,0
