//= Athena Script ==============================================================
// Ragnarok Online Rachel Santuary Monster Spawn Script　　Ep 11.1
//==============================================================================

//============================================================
// 神殿聖域 01 - ra_san01.gat
//------------------------------------------------------------
ra_san01.gat,0,0,0,0		monster	ヴァンベルク	1771,20,180000,0,1
ra_san01.gat,0,0,0,0		monster	イシラ		1772,10,0,0,1
ra_san01.gat,61,141,116,196	monster	ヴァンベルク	1771,20,300000,0,1
ra_san01.gat,61,141,116,196	monster	イシラ		1772,10,180000,0,1
ra_san01.gat,61,141,116,196	monster	グレムリン	1632,5,60000,0,1
ra_san01.gat,61,141,116,196	monster	ホドレムリン	1773,2,60000,0,1
ra_san01.gat,218,141,116,196	monster	ヴァンベルク	1771,20,300000,0,1
ra_san01.gat,218,141,116,196	monster	イシラ		1772,10,180000,0,1
ra_san01.gat,218,141,116,196	monster	グレムリン	1632,5,60000,0,1
ra_san01.gat,218,141,116,196	monster	ホドレムリン	1773,2,60000,0,1
ra_san01.gat,140,63,76,118	monster	ヴァンベルク	1771,7,180000,0,1
ra_san01.gat,140,63,76,118	monster	イシラ		1772,3,180000,0,1
ra_san01.gat,140,63,76,118	monster	ビホルダー	1633,3,60000,0,1
ra_san01.gat,140,63,76,118	monster	ホドレムリン	1773,1,60000,0,1
ra_san01.gat,140,226,100,102	monster	ヴァンベルク	1771,7,180000,0,1
ra_san01.gat,140,226,100,102	monster	イシラ		1772,3,180000,0,1
ra_san01.gat,140,226,100,102	monster	ビホルダー	1633,3,60000,0,1
ra_san01.gat,140,226,100,102	monster	ホドレムリン	1773,1,60000,0,1
ra_san01.gat,64,215,46,46	monster	ヴァンベルク	1771,2,420000,0,1
ra_san01.gat,215,215,46,46	monster	ヴァンベルク	1771,2,420000,0,1
ra_san01.gat,64,65,46,46	monster	ヴァンベルク	1771,2,420000,0,1
ra_san01.gat,215,65,46,46	monster	ヴァンベルク	1771,2,420000,0,1

//============================================================
// 神殿聖域 02 - ra_san02.gat
//------------------------------------------------------------
ra_san02.gat,0,0,0,0		monster	イシラ		1772,35,0,0,0
ra_san02.gat,100,150,184,280	monster	イシラ		1772,25,0,0,0
ra_san02.gat,240,147,100,290	monster	イシラ		1772,25,0,0,0
ra_san02.gat,0,0,0,0		monster	ヴァンベルク	1771,10,0,0,0
ra_san02.gat,100,150,184,280	monster	ヴァンベルク	1771,10,0,0,0
ra_san02.gat,240,147,100,290	monster	ヴァンベルク	1771,10,0,0,0
ra_san02.gat,0,0,0,0		monster	グレムリン	1632,10,0,0,0
ra_san02.gat,0,0,0,0		monster	ホドレムリン	1773,3,0,0,0
ra_san02.gat,0,0,0,0		monster	ビホルダー	1633,10,0,0,0
ra_san02.gat,0,0,0,0		monster	シーカー	1774,2,0,0,0

//============================================================
// 神殿聖域 03 - ra_san03.gat
//------------------------------------------------------------
ra_san03.gat,0,0,0,0		monster	ビホルダー	1633,5,0,0,0
ra_san03.gat,0,0,0,0		monster	グレムリン	1632,5,0,0,0
ra_san03.gat,148,221,290,142	monster	シーカー	1774,40,0,0,0
ra_san03.gat,0,0,0,0		monster	ホドレムリン	1773,20,0,0,0
ra_san03.gat,148,79,292,142	monster	ホドレムリン	1773,40,0,0,0

//============================================================
// 神殿聖域 04 - ra_san04.gat
//------------------------------------------------------------
ra_san04.gat,0,0,0,0	monster	エキオ		1770,60,0,0,0
ra_san04.gat,0,0,0,0	monster	アガヴ		1769,20,0,0,0
ra_san04.gat,0,0,0,0	monster	シーカー	1774,10,0,0,0
ra_san04.gat,0,0,0,0	monster	ホドレムリン	1773,10,0,0,0

//============================================================
// 神殿聖域 05 - ra_san05.gat
//------------------------------------------------------------
ra_san05.gat,0,0,0,0	monster	アガヴ			1769,70,0,0,0
ra_san05.gat,0,0,0,0	monster	エキオ			1770,20,0,0,0
ra_san05.gat,0,0,0,0	monster	イシラ			1772,10,0,0,0
ra_san05.gat,0,0,0,0	monster	シーカー		1774,20,0,0,0
ra_san05.gat,0,0,0,0	monster	ホドレムリン		1773,20,0,0,0
ra_san05.gat,0,0,0,0	monster	アガヴ			1769,10,18000000,14400000,0
ra_san05.gat,0,0,0,0	monster	エキオ			1770,10,18000000,14400000,0
ra_san05.gat,0,0,0,0	monster	グルームアンダーナイト	1768,1,18000000,14400000,0
