//= Auriga Script ==============================================================
// Ragnarok Online Thor Volcano Monster Spawn Script　　Ep 11.2
//==============================================================================

//============================================================
// トール火山ダンジョン 01 - thor_v01.gat
//------------------------------------------------------------
thor_v01.gat,0,0,0,0		monster	マグマリン		1836,10,0,0,0
thor_v01.gat,0,0,0,0		monster	インプ			1837,5,0,0,0
thor_v01.gat,0,0,0,0		monster	インプ			1837,12,1800000,0,0
thor_v01.gat,80,255,65,35	monster	インプ			1837,2,0,0,0
thor_v01.gat,240,250,50,30	monster	インプ			1837,2,0,0,0
thor_v01.gat,90,100,50,50	monster	インプ			1837,2,0,0,0
thor_v01.gat,210,110,50,30	monster	インプ			1837,2,0,0,0
thor_v01.gat,0,0,0,0		monster	カーサ			1833,25,0,0,0
thor_v01.gat,80,255,65,35	monster	カーサ			1833,5,0,0,0
thor_v01.gat,240,250,50,30	monster	カーサ			1833,5,0,0,0
thor_v01.gat,90,100,50,50	monster	カーサ			1833,5,0,0,0
thor_v01.gat,210,110,50,30	monster	カーサ			1833,5,0,0,0
thor_v01.gat,0,0,0,0		monster	ソードガーディアン	1829,5,420000,0,0
thor_v01.gat,0,0,0,0		monster	ボウガーディアン	1830,5,420000,0,0
thor_v01.gat,0,0,0,0		monster	サラマンダー		1831,5,3600000,0,0
thor_v01.gat,0,0,0,0		monster	ビョルグ		1839,1,3600000,0,0

//============================================================
// トール火山ダンジョン 02 - thor_v02.gat
//------------------------------------------------------------
thor_v02.gat,0,0,0,0		monster	マグマリン		1836,10,0,0,0
thor_v02.gat,0,0,0,0		monster	インプ			1837,5,0,0,0
thor_v02.gat,75,125,50,85	monster	インプ			1837,3,0,0,0
thor_v02.gat,168,162,50,50	monster	インプ			1837,2,0,0,0
thor_v02.gat,0,0,0,0		monster	カホ			1072,5,0,0,0
thor_v02.gat,75,125,50,85	monster	カホ			1072,3,0,0,0
thor_v02.gat,168,162,50,50	monster	カホ			1072,2,0,0,0
thor_v02.gat,0,0,0,0		monster	ノッカー		1838,20,0,0,0
thor_v02.gat,75,125,50,85	monster	ノッカー		1838,20,0,0,0
thor_v02.gat,168,162,50,50	monster	ノッカー		1838,15,0,0,0
thor_v02.gat,0,0,0,0		monster	サラマンダー		1831,1,18000000,0,0
thor_v02.gat,0,0,0,0		monster	ソードガーディアン	1829,1,7200000,0,0
thor_v02.gat,0,0,0,0		monster	ボウガーディアン	1830,1,7200000,0,0

//============================================================
// トール火山ダンジョン 03 - thor_v03.gat
//------------------------------------------------------------
thor_v03.gat,0,0,0,0		monster	カーサ			1833,16,0,0,0
thor_v03.gat,95,220,64,55	monster	カーサ			1833,6,0,0,0
thor_v03.gat,223,224,65,60	monster	カーサ			1833,6,0,0,0
thor_v03.gat,80,90,60,60	monster	カーサ			1833,6,0,0,0
thor_v03.gat,218,81,60,60	monster	カーサ			1833,6,0,0,0
thor_v03.gat,0,0,0,0		monster	サラマンダー		1831,20,0,0,0
thor_v03.gat,95,220,64,55	monster	サラマンダー		1831,10,0,0,0
thor_v03.gat,223,224,65,60	monster	サラマンダー		1831,10,0,0,0
thor_v03.gat,80,90,60,60	monster	サラマンダー		1831,10,0,0,0
thor_v03.gat,218,81,60,60	monster	サラマンダー		1831,10,0,0,0
thor_v03.gat,0,0,0,0		monster	ソードガーディアン	1829,5,0,0,0
thor_v03.gat,0,0,0,0		monster	ソードガーディアン	1829,5,1800000,0,0
thor_v03.gat,0,0,0,0		monster	ボウガーディアン	1830,5,0,0,0
thor_v03.gat,0,0,0,0		monster	ボウガーディアン	1830,5,1800000,0,0
thor_v03.gat,0,0,0,0		monster	ビョルグ		1839,5,1800000,0,0
thor_v03.gat,0,0,0,0		monster	イフリート		1832,1,39600000,0,0
