//= Athena Script ==============================================================
// Ragnarok Online Ice Dungeon Monster Spawn Script　　Ep 11.1
//==============================================================================

//============================================================
// 氷の洞窟 01 - ice_dun01.gat
//------------------------------------------------------------
ice_dun01.gat,0,0,0,0	monster	シロマ		1776,75,0,0,0
ice_dun01.gat,0,0,0,0	monster	ロウィーン	1782,5,0,0,0
ice_dun01.gat,0,0,0,0	monster	ゲイズティ	1778,2,0,0,0
ice_dun01.gat,0,0,0,0	monster	マスキプラー	1780,5,0,0,0

//============================================================
// 氷の洞窟 02 - ice_dun02.gat
//------------------------------------------------------------
ice_dun02.gat,0,0,0,0		monster	スノウアー	1775,70,0,0,0
ice_dun02.gat,0,0,0,0		monster	シロマ		1776,30,0,0,0
ice_dun02.gat,0,0,0,0		monster	ゲイズティ	1778,15,240000,0,0
ice_dun02.gat,0,0,0,0		monster	アイスタイタン	1777,7,0,0,0
ice_dun02.gat,33,271,8,8	monster	アイシクル	1789,1,1320000,300000,0
ice_dun02.gat,110,242,10,10	monster	アイシクル	1789,2,1020000,300000,0
ice_dun02.gat,150,280,8,8	monster	アイシクル	1789,1,900000,300000,0
ice_dun02.gat,270,268,8,8	monster	アイシクル	1789,1,1020000,300000,0
ice_dun02.gat,46,207,6,6	monster	アイシクル	1789,1,1080000,300000,0
ice_dun02.gat,134,214,8,8	monster	アイシクル	1789,1,840000,300000,0
ice_dun02.gat,102,178,8,8	monster	アイシクル	1789,1,1020000,300000,0
ice_dun02.gat,207,165,10,10	monster	アイシクル	1789,2,1080000,300000,0
ice_dun02.gat,206,222,8,8	monster	アイシクル	1789,1,1020000,300000,0
ice_dun02.gat,270,136,6,6	monster	アイシクル	1789,1,960000,300000,0
ice_dun02.gat,20,150,8,8	monster	アイシクル	1789,1,960000,300000,0
ice_dun02.gat,46,103,10,10	monster	アイシクル	1789,2,1320000,300000,0
ice_dun02.gat,172,90,6,6	monster	アイシクル	1789,1,840000,300000,0
ice_dun02.gat,20,20,10,10	monster	アイシクル	1789,1,960000,300000,0
ice_dun02.gat,143,28,6,6	monster	アイシクル	1789,1,1020000,300000,0
ice_dun02.gat,280,20,10,10	monster	アイシクル	1789,1,960000,300000,0

//============================================================
// 氷の洞窟 03 - ice_dun03.gat
//------------------------------------------------------------
ice_dun03.gat,0,0,0,0		monster	アイスタイタン	1777,12,0,0,0
ice_dun03.gat,0,0,0,0		monster	アイスタイタン	1777,10,7200000,3600000,0
ice_dun03.gat,0,0,0,0		monster	ゲイズティ	1778,10,120000,0,0
ice_dun03.gat,0,0,0,0		monster	スノウアー	1775,15,0,0,0
ice_dun03.gat,113,239,170,100	monster	アイスタイタン	1777,12,180000,0,0
ice_dun03.gat,113,239,170,100	monster	ゲイズティ	1778,8,300000,0,0
ice_dun03.gat,63,110,100,164	monster	アイスタイタン	1777,12,180000,0,0
ice_dun03.gat,63,110,100,164	monster	ゲイズティ	1778,8,300000,0,0
ice_dun03.gat,189,66,160,80	monster	アイスタイタン	1777,12,180000,0,0
ice_dun03.gat,189,66,160,80	monster	ゲイズティ	1778,8,300000,0,0
ice_dun03.gat,235,185,88,160	monster	アイスタイタン	1777,12,180000,0,0
ice_dun03.gat,235,185,88,160	monster	ゲイズティ	1778,8,300000,0,0
ice_dun03.gat,50,243,20,20	monster	アイシクル	1789,2,720000,300000,0
ice_dun03.gat,149,247,20,86	monster	アイシクル	1789,5,1080000,300000,0
ice_dun03.gat,247,241,48,48	monster	アイシクル	1789,3,960000,300000,0
ice_dun03.gat,255,150,50,40	monster	アイシクル	1789,3,840000,300000,0
ice_dun03.gat,45,150,50,40	monster	アイシクル	1789,3,960000,300000,0
ice_dun03.gat,61,59,66,66	monster	アイシクル	1789,7,1080000,300000,0
ice_dun03.gat,150,55,48,72	monster	アイシクル	1789,6,1080000,300000,0
ice_dun03.gat,247,54,48,56	monster	アイシクル	1789,3,840000,300000,0
