//= Athena Script ==============================================================
// Ragnarok Online Prontera Maze Monster Spawn Script　　Ep 10.4
//==============================================================================

//============================================================
// 迷宮の森 01 - prt_maze01.gat
//------------------------------------------------------------
prt_maze01.gat,179,20,42,42	monster	ポリン			1002,5,120000,40000,1
prt_maze01.gat,139,20,42,42	monster	ルナティック		1063,5,120000,40000,1
prt_maze01.gat,99,20,42,42	monster	ファブル		1007,5,120000,40000,1
prt_maze01.gat,99,20,42,42	monster	クリーミー		1018,1,120000,40000,1
prt_maze01.gat,59,20,42,42	monster	プパ			1008,5,120000,40000,1
prt_maze01.gat,19,20,42,42	monster	ポポリン		1031,5,120000,40000,1
prt_maze01.gat,179,60,42,42	monster	ロッカー		1052,5,120000,40000,1
prt_maze01.gat,139,60,42,42	monster	ビッグフット		1060,5,120000,40000,1
prt_maze01.gat,99,60,42,42	monster	スモーキー		1056,5,120000,40000,1
prt_maze01.gat,59,60,42,42	monster	スネイク		1025,5,120000,40000,1
prt_maze01.gat,19,60,42,42	monster	ウルフ			1013,5,120000,40000,1
prt_maze01.gat,179,100,42,42	monster	アルギオペ		1099,3,120000,40000,1
prt_maze01.gat,139,100,42,42	monster	アルゴス		1100,3,120000,40000,1
prt_maze01.gat,99,100,42,42	monster	チョンチョン		1011,5,120000,40000,1
prt_maze01.gat,59,100,42,42	monster	ホルン			1128,5,120000,40000,1
prt_maze01.gat,19,100,42,42	monster	ハンターフライ		1035,3,120000,40000,1
prt_maze01.gat,179,140,42,42	monster	マンティス		1139,3,120000,40000,1
prt_maze01.gat,139,140,42,42	monster	スタイナー		1174,5,120000,40000,1
prt_maze01.gat,99,140,42,42	monster	サイドワインダー	1037,3,120000,40000,1
prt_maze01.gat,59,140,42,42	monster	ヨーヨー		1057,4,120000,40000,1
prt_maze01.gat,59,140,42,42	monster	チョコ			1214,2,120000,40000,1
prt_maze01.gat,19,140,42,42	monster	スチールチョンチョン	1042,5,120000,40000,1
prt_maze01.gat,179,180,42,42	monster	コーコー		1104,5,120000,40000,1
prt_maze01.gat,139,180,42,42	monster	キャラメル		1103,5,120000,40000,1
prt_maze01.gat,99,180,42,42	monster	ダスティネス		1114,5,120000,40000,1
prt_maze01.gat,59,180,42,42	monster	マーティン		1145,5,120000,40000,1
prt_maze01.gat,19,180,42,42	monster	サベージベベ		1167,3,120000,40000,1
prt_maze01.gat,19,180,42,42	monster	サベージ		1166,5,120000,40000,1
prt_maze01.gat,0,0,0,0		monster	ハンターフライ		1035,1,0,0,0
prt_maze01.gat,0,0,0,0		monster	さすらい狼		1092,1,3600000,1800000,0
prt_maze01.gat,101,138,10,10	monster	輝く草			1083,1,1800000,900000,1
prt_maze01.gat,101,138,10,10	monster	白い草			1082,1,180000,90000,1
prt_maze01.gat,99,181,10,10	monster	白い草			1082,2,180000,90000,1
prt_maze01.gat,60,140,20,30	monster	青い草			1079,1,900000,450000,1
prt_maze01.gat,61,101,20,20	monster	黄色草			1081,1,600000,300000,1
prt_maze01.gat,141,100,20,20	monster	輝く草			1083,1,1800000,900000,1
prt_maze01.gat,141,100,20,20	monster	青い草			1079,1,900000,450000,1
prt_maze01.gat,0,0,0,0		monster	赤い草			1078,5,180000,90000,1
prt_maze01.gat,100,100,20,20	monster	青い草			1079,1,900000,450000,1
prt_maze01.gat,100,100,20,20	monster	黄色草			1081,1,600000,300000,1
prt_maze01.gat,176,132,10,10	monster	黒いきのこ		1084,3,180000,90000,1
prt_maze01.gat,181,149,6,6	monster	黒いきのこ		1084,2,180000,90000,1
prt_maze01.gat,178,60,20,20	monster	赤いきのこ		1085,3,180000,90000,1
prt_maze01.gat,168,60,6,6	monster	赤いきのこ		1085,2,180000,90000,1

//============================================================
// 迷宮の森 02 - prt_maze02.gat
//------------------------------------------------------------
prt_maze02.gat,0,0,0,0	monster	ポポリン	1031,25,0,0,0
prt_maze02.gat,0,0,0,0	monster	ビッグフット	1060,5,0,0,0
prt_maze02.gat,0,0,0,0	monster	サスカッチ	1243,1,900000,400000,0
prt_maze02.gat,0,0,0,0	monster	レイブオルマイ	1306,1,1800000,900000,0

//============================================================
// 迷宮の森 03 - prt_maze03.gat
//------------------------------------------------------------
prt_maze03.gat,0,0,0,0		monster	サイドワインダー	1037,10,0,0,0
prt_maze03.gat,0,0,0,0		monster	ハンターフライ		1035,30,0,0,0
prt_maze03.gat,0,0,0,0		monster	ゴーストリング		1120,1,6800000,3400000,1
prt_maze03.gat,0,0,0,0		monster	キラーマンティス	1294,1,0,0,0
prt_maze03.gat,150,50,140,140	monster	サイドワインダー	1037,20,300000,150000,0
prt_maze03.gat,150,50,140,140	monster	ボーカル		1088,1,1920000,1500000,1
prt_maze03.gat,50,150,140,140	monster	ステムワーム		1215,20,300000,150000,0
prt_maze03.gat,50,150,140,140	monster	さすらい狼		1092,1,1920000,1500000,1
prt_maze03.gat,170,170,140,140	monster	マンティス		1139,30,60000,30000,0
prt_maze03.gat,170,170,140,140	monster	エクリプス		1093,1,1920000,1500000,1
prt_maze03.gat,23,23,140,140	monster	マスターリング		1090,1,1920000,1500000,1
prt_maze03.gat,100,100,160,160	monster	バフォメットJr.		1101,25,0,0,0
prt_maze03.gat,0,0,0,0		monster	バフォメット		1039,1,7200000,3600000,1
prt_maze03.gat,61,98,20,20	monster	輝く草			1083,1,1800000,900000,1
prt_maze03.gat,61,98,20,20	monster	青い草			1079,1,900000,450000,1
prt_maze03.gat,61,98,20,20	monster	黄色草			1081,1,600000,300000,1
prt_maze03.gat,57,56,20,20	monster	輝く草			1083,1,1800000,900000,1
prt_maze03.gat,15,15,20,20	monster	輝く草			1083,1,1800000,900000,1
prt_maze03.gat,137,140,6,6	monster	輝く草			1083,1,1800000,900000,1
prt_maze03.gat,17,58,20,20	monster	輝く草			1083,1,1800000,900000,1
prt_maze03.gat,17,58,20,20	monster	青い草			1079,1,900000,450000,1
prt_maze03.gat,99,141,20,20	monster	青い草			1079,1,900000,450000,1
prt_maze03.gat,99,21,20,20	monster	青い草			1079,1,900000,450000,1
prt_maze03.gat,0,0,0,0		monster	赤い草			1078,5,180000,90000,1
prt_maze03.gat,99,21,20,20	monster	黒いきのこ		1084,3,180000,90000,1
prt_maze03.gat,54,15,20,20	monster	黒いきのこ		1084,3,180000,90000,1
prt_maze03.gat,171,180,6,6	monster	赤いきのこ		1085,2,180000,90000,1
prt_maze03.gat,174,187,6,6	monster	赤いきのこ		1085,3,180000,90000,1
