//= Athena Script ==============================================================
// Ragnarok Online Izlude Dungeon Monster Spawn Script　　Ep 11.2
//==============================================================================

//============================================================
// イズルード海底洞窟 1層 - iz_dun00.gat
//------------------------------------------------------------
iz_dun00.gat,0,0,0,0	monster	プランクトン	1161,65,0,0,0
iz_dun00.gat,0,0,0,0	monster	マリナ		1141,45,0,0,0
iz_dun00.gat,0,0,0,0	monster	ククレ		1070,15,0,0,0
iz_dun00.gat,0,0,0,0	monster	ヒドラ		1068,15,0,0,0
iz_dun00.gat,0,0,0,0	monster	バドン		1066,15,0,0,0
iz_dun00.gat,0,0,0,0	monster	黒いきのこ	1084,5,180000,90000,1

//============================================================
// イズルード海底洞窟 2層 - iz_dun01.gat
//------------------------------------------------------------
iz_dun01.gat,0,0,0,0	monster	プランクトン	1161,10,0,0,0
iz_dun01.gat,0,0,0,0	monster	マリナ		1141,15,0,0,0
iz_dun01.gat,0,0,0,0	monster	ククレ		1070,50,0,0,0
iz_dun01.gat,0,0,0,0	monster	ヒドラ		1068,30,0,0,0
iz_dun01.gat,0,0,0,0	monster	バドン		1066,60,0,0,0
iz_dun01.gat,0,0,0,0	monster	カナトウス	1067,15,300000,150000,1
iz_dun01.gat,0,0,0,0	monster	黒いきのこ	1084,10,180000,90000,1

//============================================================
// イズルード海底洞窟 3層 - iz_dun02.gat
//------------------------------------------------------------
iz_dun02.gat,0,0,0,0	monster	ヒドラ		1068,40,0,0,0
iz_dun02.gat,0,0,0,0	monster	カナトウス	1067,60,0,0,0
iz_dun02.gat,0,0,0,0	monster	マルス		1144,40,0,0,0
iz_dun02.gat,0,0,0,0	monster	オボンヌ	1044,40,0,0,0
iz_dun02.gat,0,0,0,0	monster	半漁人		1264,1,1800000,1200000,0
iz_dun02.gat,0,0,0,0	monster	黒いきのこ	1084,15,180000,90000,1

//============================================================
// イズルード海底洞窟 4層 - iz_dun03.gat
//------------------------------------------------------------
iz_dun03.gat,0,0,0,0		monster	ヒドラ			1068,10,0,0,0
iz_dun03.gat,0,0,0,0		monster	フェン			1158,45,0,0,0
iz_dun03.gat,0,0,0,0		monster	マリンスフィアー	1142,20,0,0,0
iz_dun03.gat,0,0,0,0		monster	ソードフィッシュ	1069,40,0,0,0
iz_dun03.gat,0,0,0,0		monster	マルク			1045,40,0,0,0
//iz_dun03.gat,203,59,0,0		monster	ヒドラ			1068,1,312000,150000,0
//iz_dun03.gat,203,56,0,0		monster	ヒドラ			1068,1,323000,150000,0
//iz_dun03.gat,203,53,0,0		monster	ヒドラ			1068,1,317000,150000,0
//iz_dun03.gat,203,50,0,0		monster	ヒドラ			1068,1,323000,150000,0
//iz_dun03.gat,203,47,0,0		monster	ヒドラ			1068,1,305000,150000,0
//iz_dun03.gat,204,60,0,0		monster	ヒドラ			1068,1,304000,150000,0
//iz_dun03.gat,204,57,0,0		monster	ヒドラ			1068,1,302000,150000,0
//iz_dun03.gat,204,54,0,0		monster	ヒドラ			1068,1,310000,150000,0
//iz_dun03.gat,204,51,0,0		monster	ヒドラ			1068,1,309000,150000,0
//iz_dun03.gat,204,48,0,0		monster	ヒドラ			1068,1,313000,150000,0
//iz_dun03.gat,191,144,0,0	monster	ヒドラ			1068,1,321000,150000,0
//iz_dun03.gat,194,144,0,0	monster	ヒドラ			1068,1,316000,150000,0
//iz_dun03.gat,197,144,0,0	monster	ヒドラ			1068,1,296000,150000,0
//iz_dun03.gat,200,144,0,0	monster	ヒドラ			1068,1,282000,150000,0
//iz_dun03.gat,203,144,0,0	monster	ヒドラ			1068,1,310000,150000,0
//iz_dun03.gat,206,144,0,0	monster	ヒドラ			1068,1,305000,150000,0
//iz_dun03.gat,209,144,0,0	monster	ヒドラ			1068,1,308000,150000,0
//iz_dun03.gat,212,144,0,0	monster	ヒドラ			1068,1,321000,150000,0
//iz_dun03.gat,193,143,0,0	monster	ヒドラ			1068,1,300000,150000,0
//iz_dun03.gat,196,143,0,0	monster	ヒドラ			1068,1,300000,150000,0
//iz_dun03.gat,199,143,0,0	monster	ヒドラ			1068,1,300000,150000,0
//iz_dun03.gat,202,143,0,0	monster	ヒドラ			1068,1,300000,150000,0
//iz_dun03.gat,205,143,0,0	monster	ヒドラ			1068,1,300000,150000,0
//iz_dun03.gat,208,143,0,0	monster	ヒドラ			1068,1,300000,150000,0
//iz_dun03.gat,211,143,0,0	monster	ヒドラ			1068,1,300000,150000,0
//iz_dun03.gat,176,260,0,0	monster	ヒドラ			1068,1,300000,150000,0
//iz_dun03.gat,180,251,0,0	monster	ヒドラ			1068,1,300000,150000,0
//iz_dun03.gat,178,253,0,0	monster	ヒドラ			1068,1,300000,150000,0
iz_dun03.gat,108,249,0,0	monster	ヒドラ			1068,1,300000,150000,0
iz_dun03.gat,80,163,0,0		monster	ヒドラ			1068,1,300000,150000,0
iz_dun03.gat,0,0,0,0		monster	半漁人			1264,3,1800000,1200000,0

//============================================================
// イズルード海底神殿 - iz_dun04.gat
//------------------------------------------------------------
iz_dun04.gat,0,0,0,0		monster	マリンスフィアー	1142,10,0,0,0
iz_dun04.gat,0,0,0,0		monster	ソードフィッシュ	1069,10,0,0,0
iz_dun04.gat,0,0,0,0		monster	半漁人			1264,40,0,0,0
iz_dun04.gat,0,0,0,0		monster	ストラウフ		1065,50,600000,300000,1
iz_dun04.gat,58,135,0,0		monster	ヒドラ			1068,1,305000,150000,0
iz_dun04.gat,61,135,0,0		monster	ヒドラ			1068,1,300000,150000,0
iz_dun04.gat,42,129,0,0		monster	ヒドラ			1068,1,312000,150000,0
iz_dun04.gat,42,116,0,0		monster	ヒドラ			1068,1,306000,150000,0
iz_dun04.gat,38,129,0,0		monster	ヒドラ			1068,1,300000,150000,0
iz_dun04.gat,33,129,0,0		monster	ヒドラ			1068,1,308000,150000,0
iz_dun04.gat,38,115,0,0		monster	ヒドラ			1068,1,300000,150000,0
iz_dun04.gat,33,115,0,0		monster	ヒドラ			1068,1,321000,150000,0
//iz_dun04.gat,79,246,0,0		monster	ヒドラ			1068,1,300000,150000,0
//iz_dun04.gat,80,246,0,0		monster	ヒドラ			1068,1,294000,150000,0
//iz_dun04.gat,79,234,0,0		monster	ヒドラ			1068,1,302000,150000,0
//iz_dun04.gat,80,233,0,0		monster	ヒドラ			1068,1,318000,150000,0
iz_dun04.gat,111,41,0,0		monster	ヒドラ			1068,1,300000,150000,0
iz_dun04.gat,111,38,0,0		monster	ヒドラ			1068,1,303000,150000,0
iz_dun04.gat,111,35,0,0		monster	ヒドラ			1068,1,300000,150000,0
iz_dun04.gat,69,243,0,0		monster	ヒドラ			1068,1,321000,150000,0
iz_dun04.gat,124,233,0,0	monster	ヒドラ			1068,1,300000,150000,0
iz_dun04.gat,134,233,0,0	monster	ヒドラ			1068,1,305000,150000,0
iz_dun04.gat,0,0,0,0		monster	デビアス		1108,3,0,0,0
iz_dun04.gat,103,231,20,20	monster	半漁人			1264,3,150000,0,0
iz_dun04.gat,160,231,20,20	monster	半漁人			1264,3,170000,0,0
iz_dun04.gat,95,147,20,20	monster	半漁人			1264,3,150000,0,0
iz_dun04.gat,130,216,30,30	monster	半漁人			1264,3,160000,0,0
