//= Athena Script ==============================================================
// Ragnarok Online Clock Tower Monster Spawn Script　　Ep 10.4
//==============================================================================

//============================================================
// アルデバラン時計塔地上 1F - c_tower1.gat
//------------------------------------------------------------
c_tower1.gat,0,0,0,0	monster	パンク		1199,100,0,0,0
c_tower1.gat,0,0,0,0	monster	ライドワード	1195,30,0,0,0
c_tower1.gat,0,0,0,0	monster	時計塔管理者	1270,1,0,0,0
c_tower1.gat,0,0,0,0	monster	バースリー	1102,1,0,0,0

//============================================================
// アルデバラン時計塔地上 2F - c_tower2.gat
//------------------------------------------------------------
c_tower2.gat,0,0,0,0		monster	パンク		1199,45,0,0,0
c_tower2.gat,0,0,0,0		monster	クロック	1269,40,0,0,0
c_tower2.gat,0,0,0,0		monster	ライドワード	1195,3,0,0,0
c_tower2.gat,128,100,20,20	monster	ライドワード	1195,1,60000,30000,0
c_tower2.gat,149,199,20,20	monster	ライドワード	1195,1,120000,60000,0
c_tower2.gat,149,199,20,20	monster	ライドワード	1195,1,300000,120000,0
c_tower2.gat,273,286,40,40	monster	ライドワード	1195,1,120000,60000,0
c_tower2.gat,273,286,40,40	monster	ライドワード	1195,1,300000,120000,0
c_tower2.gat,0,0,0,0		monster	ミミック	1191,3,0,0,0
c_tower2.gat,0,0,0,0		monster	時計塔管理者	1270,1,0,0,0
c_tower2.gat,143,98,0,0		monster	ライドワード	1195,1,600000,300000,0
c_tower2.gat,128,100,0,0	monster	ライドワード	1195,1,600000,300000,0
c_tower2.gat,144,208,0,0	monster	ライドワード	1195,1,600000,300000,0
c_tower2.gat,137,201,0,0	monster	ライドワード	1195,1,600000,300000,0
c_tower2.gat,0,0,0,0		monster	エルダー	1377,1,3600000,1800000,0
c_tower2.gat,0,0,0,0		monster	エルダー	1377,1,3600000,1800000,0

//============================================================
// アルデバラン時計塔地上 3F - c_tower3.gat
//------------------------------------------------------------
c_tower3.gat,0,0,0,0		monster	アラーム	1193,80,0,0,0
c_tower3.gat,0,0,0,0		monster	ライドワード	1195,5,0,0,0
c_tower3.gat,153,220,20,20	monster	ライドワード	1195,1,0,0,0
c_tower3.gat,0,0,0,0		monster	ミミック	1191,10,0,0,0
c_tower3.gat,0,0,0,0		monster	時計塔管理者	1270,1,0,0,0
c_tower3.gat,252,169,0,0	monster	ライドワード	1195,1,600000,300000,0
c_tower3.gat,253,253,0,0	monster	ライドワード	1195,1,600000,300000,0
c_tower3.gat,252,145,0,0	monster	ライドワード	1195,1,600000,300000,0
c_tower3.gat,124,8,0,0		monster	ライドワード	1195,1,600000,300000,0
c_tower3.gat,51,8,0,0		monster	ライドワード	1195,1,600000,300000,0
c_tower3.gat,8,56,0,0		monster	ライドワード	1195,1,600000,300000,0
c_tower3.gat,8,97,0,0		monster	ライドワード	1195,1,600000,300000,0
c_tower3.gat,15,205,0,0		monster	ライドワード	1195,1,600000,300000,0
c_tower3.gat,144,249,0,0	monster	ライドワード	1195,1,600000,300000,0

//============================================================
// アルデバラン時計塔地上 4F - c_tower4.gat
//------------------------------------------------------------
c_tower4.gat,0,0,0,0		monster	時計塔管理者	1270,2,1800000,0,0
c_tower4.gat,0,0,0,0		monster	時計塔管理者	1270,1,3600000,0,0
c_tower4.gat,0,0,0,0		monster	ウィスパー	1179,5,0,0,0
c_tower4.gat,0,0,0,0		monster	エルダー	1377,1,3600000,1800000,0
c_tower4.gat,0,0,0,0		monster	エルダー	1377,1,1800000,600000,0
c_tower4.gat,108,198,200,20	monster	アラーム	1193,7,0,0,0
c_tower4.gat,108,178,200,20	monster	アラーム	1193,7,0,0,0
c_tower4.gat,108,158,200,20	monster	アラーム	1193,7,0,0,0
c_tower4.gat,108,138,200,20	monster	アラーム	1193,7,0,0,0
c_tower4.gat,108,118,200,20	monster	アラーム	1193,7,0,0,0
c_tower4.gat,108,98,200,20	monster	クロック	1269,7,0,0,0
c_tower4.gat,108,78,200,20	monster	クロック	1269,7,0,0,0
c_tower4.gat,108,58,200,20	monster	クロック	1269,7,0,0,0
c_tower4.gat,108,38,200,20	monster	クロック	1269,7,0,0,0
c_tower4.gat,108,18,200,20	monster	クロック	1269,7,0,0,0
c_tower4.gat,108,198,200,20	monster	オウルデューク	1320,3,0,0,0
c_tower4.gat,108,178,200,20	monster	オウルデューク	1320,3,0,0,0
c_tower4.gat,108,158,200,20	monster	オウルデューク	1320,3,0,0,0
c_tower4.gat,108,138,200,20	monster	オウルデューク	1320,3,0,0,0
c_tower4.gat,108,118,200,20	monster	オウルデューク	1320,3,0,0,0
c_tower4.gat,108,98,200,20	monster	オウルデューク	1320,3,0,0,0
c_tower4.gat,108,78,200,20	monster	オウルデューク	1320,3,0,0,0
c_tower4.gat,108,58,200,20	monster	オウルデューク	1320,3,0,0,0
c_tower4.gat,108,38,200,20	monster	オウルデューク	1320,3,0,0,0
c_tower4.gat,108,18,200,20	monster	オウルデューク	1320,3,0,0,0
//c_tower4.gat,98,180,0,0		monster	ライドワード	1195,1,300000,150000,1
c_tower4.gat,97,180,0,0		monster	ライドワード	1195,1,240000,150000,1
c_tower4.gat,96,180,0,0		monster	ライドワード	1195,1,350000,150000,1
c_tower4.gat,95,180,0,0		monster	ライドワード	1195,1,410000,150000,1
c_tower4.gat,94,180,0,0		monster	ライドワード	1195,1,320000,150000,1
c_tower4.gat,93,180,0,0		monster	ライドワード	1195,1,260000,150000,1
c_tower4.gat,92,180,0,0		monster	ライドワード	1195,1,280000,150000,1
c_tower4.gat,91,180,0,0		monster	ライドワード	1195,1,330000,150000,1
c_tower4.gat,87,180,0,0		monster	ライドワード	1195,1,400000,150000,1
c_tower4.gat,86,180,0,0		monster	ライドワード	1195,1,380000,150000,1
c_tower4.gat,80,179,0,0		monster	ライドワード	1195,1,360000,150000,1
c_tower4.gat,80,180,0,0		monster	ライドワード	1195,1,350000,150000,1
c_tower4.gat,80,181,0,0		monster	ライドワード	1195,1,290000,150000,1
c_tower4.gat,80,182,0,0		monster	ライドワード	1195,1,300000,150000,1
c_tower4.gat,80,183,0,0		monster	ライドワード	1195,1,340000,150000,1
c_tower4.gat,128,194,0,0	monster	ミミック	1191,1,1800000,900000,1
c_tower4.gat,38,193,0,0		monster	ミミック	1191,1,1800000,900000,1
c_tower4.gat,37,159,0,0		monster	ミミック	1191,1,1800000,900000,1
c_tower4.gat,31,139,0,0		monster	ミミック	1191,1,1800000,900000,1
c_tower4.gat,104,14,0,0		monster	ミミック	1191,1,1800000,900000,1
c_tower4.gat,104,27,0,0		monster	ミミック	1191,1,900000,400000,1
c_tower4.gat,105,24,0,0		monster	ミミック	1191,1,900000,400000,1
c_tower4.gat,205,105,0,0	monster	ミミック	1191,1,1800000,900000,1
c_tower4.gat,157,109,0,0	monster	ミミック	1191,1,1800000,900000,1
c_tower4.gat,148,85,0,0		monster	ミミック	1191,1,1800000,900000,1
c_tower4.gat,189,51,0,0		monster	ミミック	1191,1,1800000,900000,1
c_tower4.gat,170,34,0,0		monster	ミミック	1191,1,1800000,900000,1
c_tower4.gat,42,41,0,0		monster	エクスキューショナー	1205,1,7200000,3600000,1
