//= Auriga Script ==============================================================
// Ragnarok Online Lighthalzen Dungeon Monster Spawn Script　　Ep 10.4
//==============================================================================

//============================================================
// 生体工学研究所 01 - lhz_dun01.gat
//------------------------------------------------------------
lhz_dun01.gat,0,0,0,0		monster	メタリン		1613,50,0,0,0
lhz_dun01.gat,0,0,0,0		monster	ウィレス		1627,70,0,0,0
lhz_dun01.gat,0,0,0,0		monster	リムーバー		1682,100,0,0,0
lhz_dun01.gat,0,0,0,0		monster	イグニゼム=セニア	1652,1,0,0,0
lhz_dun01.gat,0,0,0,0		monster	ヒュッケバイン=トリス	1653,1,0,0,0
lhz_dun01.gat,0,0,0,0		monster	アルマイア=デュンゼ	1654,1,0,0,0
lhz_dun01.gat,0,0,0,0		monster	イレンド=エベシ		1655,1,0,0,0
lhz_dun01.gat,0,0,0,0		monster	カヴァク=イカルス	1656,1,0,0,0
lhz_dun01.gat,0,0,0,0		monster	ラウレル=ヴィンダー	1657,1,0,0,0
lhz_dun01.gat,150,50,16,18	monster	イグニゼム=セニア	1652,1,900000,800000,1
lhz_dun01.gat,150,50,16,18	monster	ヒュッケバイン=トリス	1653,1,900000,800000,1
lhz_dun01.gat,150,50,16,18	monster	アルマイア=デュンゼ	1654,1,900000,800000,1
lhz_dun01.gat,150,50,16,18	monster	イレンド=エベシ		1655,5,900000,800000,1
lhz_dun01.gat,150,50,16,18	monster	カヴァク=イカルス	1656,5,600000,300000,1
lhz_dun01.gat,150,50,16,18	monster	ラウレル=ヴィンダー	1657,5,600000,300000,1
lhz_dun01.gat,250,150,18,30	monster	イグニゼム=セニア	1652,4,900000,800000,1
lhz_dun01.gat,250,150,18,30	monster	ヒュッケバイン=トリス	1653,4,600000,300000,1
lhz_dun01.gat,250,150,18,30	monster	アルマイア=デュンゼ	1654,4,900000,800000,1
lhz_dun01.gat,250,150,18,30	monster	イレンド=エベシ		1655,2,900000,800000,1
lhz_dun01.gat,250,150,18,30	monster	カヴァク=イカルス	1656,2,900000,800000,1
lhz_dun01.gat,250,150,18,30	monster	ラウレル=ヴィンダー	1657,2,600000,300000,1
lhz_dun01.gat,50,150,11,35	monster	イグニゼム=セニア	1652,1,600000,300000,1
lhz_dun01.gat,50,150,11,35	monster	ヒュッケバイン=トリス	1653,4,900000,800000,1
lhz_dun01.gat,50,150,11,35	monster	アルマイア=デュンゼ	1654,1,900000,800000,1
lhz_dun01.gat,50,150,11,35	monster	イレンド=エベシ		1655,4,900000,800000,1
lhz_dun01.gat,50,150,11,35	monster	カヴァク=イカルス	1656,4,900000,800000,1
lhz_dun01.gat,50,150,11,35	monster	ラウレル=ヴィンダー	1657,2,600000,300000,1
lhz_dun01.gat,192,61,18,30	monster	イグニゼム=セニア	1652,1,900000,800000,1
lhz_dun01.gat,192,61,18,30	monster	ヒュッケバイン=トリス	1653,1,900000,800000,1
lhz_dun01.gat,192,61,18,30	monster	アルマイア=デュンゼ	1654,1,900000,800000,1
lhz_dun01.gat,192,61,18,30	monster	イレンド=エベシ		1655,1,900000,800000,1
lhz_dun01.gat,192,61,18,30	monster	カヴァク=イカルス	1656,1,900000,800000,1
lhz_dun01.gat,192,61,18,30	monster	ラウレル=ヴィンダー	1657,1,900000,800000,1
lhz_dun01.gat,0,0,0,0		monster	ジェミニ-S58		1681,1,7200000,5400000,0

//============================================================
// 生体工学研究所 02 - lhz_dun02.gat
//------------------------------------------------------------
lhz_dun02.gat,0,0,0,0		monster	イグニゼム=セニア	1652,26,0,0,0
lhz_dun02.gat,0,0,0,0		monster	ヒュッケバイン=トリス	1653,26,0,0,0
lhz_dun02.gat,0,0,0,0		monster	アルマイア=デュンゼ	1654,26,0,0,0
lhz_dun02.gat,0,0,0,0		monster	イレンド=エベシ		1655,26,0,0,0
lhz_dun02.gat,0,0,0,0		monster	カヴァク=イカルス	1656,26,0,0,0
lhz_dun02.gat,0,0,0,0		monster	ラウレル=ヴィンダー	1657,26,0,0,0
lhz_dun02.gat,150,150,56,54	monster	イグニゼム=セニア	1652,4,120000,60000,1
lhz_dun02.gat,150,150,56,54	monster	ヒュッケバイン=トリス	1653,4,120000,60000,1
lhz_dun02.gat,150,150,56,54	monster	アルマイア=デュンゼ	1654,4,120000,60000,1
lhz_dun02.gat,150,150,56,54	monster	イレンド=エベシ		1655,4,120000,60000,1
lhz_dun02.gat,150,150,56,54	monster	カヴァク=イカルス	1656,4,120000,60000,1
lhz_dun02.gat,150,150,56,54	monster	ラウレル=ヴィンダー	1657,4,120000,60000,1
lhz_dun02.gat,150,150,105,90	monster	イグニゼム=セニア	1652,10,120000,60000,1
lhz_dun02.gat,150,150,105,90	monster	ヒュッケバイン=トリス	1653,10,120000,60000,1
lhz_dun02.gat,150,150,105,90	monster	アルマイア=デュンゼ	1654,10,120000,60000,1
lhz_dun02.gat,150,150,105,90	monster	イレンド=エベシ		1655,10,120000,60000,1
lhz_dun02.gat,150,150,105,90	monster	カヴァク=イカルス	1656,10,120000,60000,1
lhz_dun02.gat,150,150,105,90	monster	ラウレル=ヴィンダー	1657,10,120000,60000,1
lhz_dun02.gat,0,0,0,0		monster	イグニゼム=セニア	1652,10,300000,150000,1
lhz_dun02.gat,0,0,0,0		monster	ヒュッケバイン=トリス	1653,10,300000,150000,1
lhz_dun02.gat,0,0,0,0		monster	アルマイア=デュンゼ	1654,10,300000,150000,1
lhz_dun02.gat,0,0,0,0		monster	イレンド=エベシ		1655,10,300000,150000,1
lhz_dun02.gat,0,0,0,0		monster	カヴァク=イカルス	1656,10,300000,150000,1
lhz_dun02.gat,0,0,0,0		monster	ラウレル=ヴィンダー	1657,10,300000,150000,1
lhz_dun02.gat,0,0,0,0		monster	リムーバー		1682,20,300000,150000,1
lhz_dun02.gat,0,0,0,0		monster	エレメス=ガイル		1635,1,180000,120000,0
lhz_dun02.gat,0,0,0,0		monster	ジェミニ-S58		1681,10,5400000,180000,0
lhz_dun02.gat,0,0,0,0		monster	イグニゼム=セニア	1658,1,7200000,5400000,1

//============================================================
// 生体工学研究所 03 - lhz_dun03.gat
//------------------------------------------------------------
lhz_dun03.gat,140,235,116,30	monster	セイレン=ウィンザー	1634,4,180000,120000,0
lhz_dun03.gat,140,235,116,30	monster	エレメス=ガイル		1635,4,180000,120000,0
lhz_dun03.gat,140,235,116,30	monster	ハワード=アルトアイゼン	1636,4,180000,120000,0
lhz_dun03.gat,140,235,116,30	monster	マーガレッタ=ソリン	1637,4,180000,120000,0
lhz_dun03.gat,140,235,116,30	monster	セシル=ディモン		1638,4,180000,120000,0
lhz_dun03.gat,140,235,116,30	monster	カトリーヌ=ケイロン	1639,4,180000,120000,0
lhz_dun03.gat,40,214,16,16	monster	セイレン=ウィンザー	1634,1,120000,60000,0
lhz_dun03.gat,40,214,16,16	monster	エレメス=ガイル		1635,1,120000,60000,0
lhz_dun03.gat,40,214,16,16	monster	ハワード=アルトアイゼン	1636,1,120000,60000,0
lhz_dun03.gat,40,214,16,16	monster	マーガレッタ=ソリン	1637,1,120000,60000,0
lhz_dun03.gat,40,214,16,16	monster	セシル=ディモン		1638,1,120000,60000,0
lhz_dun03.gat,40,214,16,16	monster	カトリーヌ=ケイロン	1639,1,120000,60000,0
lhz_dun03.gat,240,213,16,17	monster	セイレン=ウィンザー	1634,1,120000,60000,0
lhz_dun03.gat,240,213,16,17	monster	エレメス=ガイル		1635,1,120000,60000,0
lhz_dun03.gat,240,213,16,17	monster	ハワード=アルトアイゼン	1636,1,120000,60000,0
lhz_dun03.gat,240,213,16,17	monster	マーガレッタ=ソリン	1637,1,120000,60000,0
lhz_dun03.gat,240,213,16,17	monster	セシル=ディモン		1638,1,120000,60000,0
lhz_dun03.gat,240,213,16,17	monster	カトリーヌ=ケイロン	1639,1,120000,60000,0
lhz_dun03.gat,140,65,108,38	monster	セイレン=ウィンザー	1634,7,120000,160000,0
lhz_dun03.gat,140,65,108,38	monster	エレメス=ガイル		1635,7,120000,160000,0
lhz_dun03.gat,140,65,108,38	monster	ハワード=アルトアイゼン	1636,7,120000,160000,0
lhz_dun03.gat,140,65,108,38	monster	マーガレッタ=ソリン	1637,7,120000,160000,0
lhz_dun03.gat,140,65,108,38	monster	セシル=ディモン		1638,7,120000,60000,0
lhz_dun03.gat,140,65,108,38	monster	カトリーヌ=ケイロン	1639,7,120000,60000,0
lhz_dun03.gat,140,31,8,15	monster	セイレン=ウィンザー	1634,1,600000,540000,0
lhz_dun03.gat,140,31,8,15	monster	エレメス=ガイル		1635,1,540000,480000,0
lhz_dun03.gat,140,31,8,15	monster	ハワード=アルトアイゼン	1636,1,600000,540000,0
lhz_dun03.gat,140,31,8,15	monster	マーガレッタ=ソリン	1637,1,540000,480000,0
lhz_dun03.gat,140,31,8,15	monster	セシル=ディモン		1638,1,600000,540000,0
lhz_dun03.gat,140,31,8,15	monster	カトリーヌ=ケイロン	1639,1,540000,480000,0
lhz_dun03.gat,40,66,16,16	monster	セイレン=ウィンザー	1634,1,120000,60000,0
lhz_dun03.gat,40,66,16,16	monster	エレメス=ガイル		1635,1,120000,60000,0
lhz_dun03.gat,40,66,16,16	monster	ハワード=アルトアイゼン	1636,1,120000,60000,0
lhz_dun03.gat,40,66,16,16	monster	マーガレッタ=ソリン	1637,1,120000,60000,0
lhz_dun03.gat,40,66,16,16	monster	セシル=ディモン		1638,1,120000,60000,0
lhz_dun03.gat,40,66,16,16	monster	カトリーヌ=ケイロン	1639,1,120000,60000,0
lhz_dun03.gat,240,66,16,16	monster	セイレン=ウィンザー	1634,1,120000,60000,0
lhz_dun03.gat,240,66,16,16	monster	エレメス=ガイル		1635,1,120000,60000,0
lhz_dun03.gat,240,66,16,16	monster	ハワード=アルトアイゼン	1636,1,120000,60000,0
lhz_dun03.gat,240,66,16,16	monster	マーガレッタ=ソリン	1637,1,120000,60000,0
lhz_dun03.gat,240,66,16,16	monster	セシル=ディモン		1638,1,120000,60000,0
lhz_dun03.gat,240,66,16,16	monster	カトリーヌ=ケイロン	1639,1,120000,60000,0
lhz_dun03.gat,54,131,35,39	monster	セイレン=ウィンザー	1634,5,180000,120000,0
lhz_dun03.gat,54,131,35,39	monster	エレメス=ガイル		1635,5,180000,120000,0
lhz_dun03.gat,54,131,35,39	monster	ハワード=アルトアイゼン	1636,5,180000,120000,0
lhz_dun03.gat,54,131,35,39	monster	マーガレッタ=ソリン	1637,5,180000,120000,0
lhz_dun03.gat,54,131,35,39	monster	セシル=ディモン		1638,5,120000,60000,0
lhz_dun03.gat,54,131,35,39	monster	カトリーヌ=ケイロン	1639,5,120000,60000,0
lhz_dun03.gat,228,137,35,39	monster	セイレン=ウィンザー	1634,5,180000,120000,0
lhz_dun03.gat,228,137,35,39	monster	エレメス=ガイル		1635,5,180000,120000,0
lhz_dun03.gat,228,137,35,39	monster	ハワード=アルトアイゼン	1636,5,180000,120000,0
lhz_dun03.gat,228,137,35,39	monster	マーガレッタ=ソリン	1637,5,180000,120000,0
lhz_dun03.gat,228,137,35,39	monster	セシル=ディモン		1638,5,120000,60000,0
lhz_dun03.gat,228,137,35,39	monster	カトリーヌ=ケイロン	1639,5,120000,60000,0
lhz_dun03.gat,138,138,36,34	monster	セイレン=ウィンザー	1634,3,120000,60000,0
lhz_dun03.gat,138,138,36,34	monster	エレメス=ガイル		1635,3,120000,60000,0
lhz_dun03.gat,138,138,36,34	monster	ハワード=アルトアイゼン	1636,3,120000,60000,0
lhz_dun03.gat,138,138,36,34	monster	マーガレッタ=ソリン	1637,3,180000,120000,0
lhz_dun03.gat,138,138,36,34	monster	セシル=ディモン		1638,4,0,0,0
lhz_dun03.gat,138,138,36,34	monster	カトリーヌ=ケイロン	1639,4,0,0,0
lhz_dun03.gat,140,192,66,21	monster	セイレン=ウィンザー	1634,7,120000,60000,0
lhz_dun03.gat,140,192,66,21	monster	エレメス=ガイル		1635,7,180000,120000,0
lhz_dun03.gat,140,192,66,21	monster	ハワード=アルトアイゼン	1636,7,120000,60000,0
lhz_dun03.gat,140,192,66,21	monster	マーガレッタ=ソリン	1637,7,180000,120000,0
lhz_dun03.gat,140,192,66,21	monster	セシル=ディモン		1638,7,120000,60000,0
lhz_dun03.gat,140,192,66,21	monster	カトリーヌ=ケイロン	1639,7,120000,60000,0
lhz_dun03.gat,89,164,4,8	monster	カトリーヌ=ケイロン	1639,1,120000,60000,0
lhz_dun03.gat,89,164,4,8	monster	セシル=ディモン		1638,3,120000,60000,0
lhz_dun03.gat,107,167,4,5	monster	カトリーヌ=ケイロン	1639,1,120000,60000,0
lhz_dun03.gat,107,167,4,5	monster	セシル=ディモン		1638,3,120000,60000,0
lhz_dun03.gat,171,167,4,5	monster	カトリーヌ=ケイロン	1639,1,120000,60000,0
lhz_dun03.gat,171,167,4,5	monster	セシル=ディモン		1638,3,120000,60000,0
lhz_dun03.gat,189,164,4,8	monster	カトリーヌ=ケイロン	1639,1,120000,60000,0
lhz_dun03.gat,189,164,4,8	monster	セシル=ディモン		1638,3,120000,60000,0
lhz_dun03.gat,89,113,4,9	monster	カトリーヌ=ケイロン	1639,1,120000,60000,0
lhz_dun03.gat,89,113,4,9	monster	セシル=ディモン		1638,3,120000,60000,0
lhz_dun03.gat,107,109,4,5	monster	カトリーヌ=ケイロン	1639,1,120000,60000,0
lhz_dun03.gat,107,109,4,5	monster	セシル=ディモン		1638,3,120000,60000,0
lhz_dun03.gat,171,109,4,5	monster	カトリーヌ=ケイロン	1639,1,120000,60000,0
lhz_dun03.gat,171,109,4,5	monster	セシル=ディモン		1638,3,120000,60000,0
lhz_dun03.gat,189,113,4,9	monster	カトリーヌ=ケイロン	1639,1,120000,60000,0
lhz_dun03.gat,189,113,4,9	monster	セシル=ディモン		1638,3,120000,60000,0
lhz_dun03.gat,96,164,13,8	monster	セイレン=ウィンザー	1634,2,300000,120000,0
lhz_dun03.gat,96,164,13,8	monster	エレメス=ガイル		1635,2,300000,120000,0
lhz_dun03.gat,96,164,13,8	monster	マーガレッタ=ソリン	1637,2,300000,120000,0
lhz_dun03.gat,96,164,13,8	monster	セシル=ディモン		1638,5,0,0,0
lhz_dun03.gat,96,164,13,8	monster	カトリーヌ=ケイロン	1639,3,0,0,0
lhz_dun03.gat,180,164,13,8	monster	セイレン=ウィンザー	1634,2,300000,120000,0
lhz_dun03.gat,180,164,13,8	monster	ハワード=アルトアイゼン	1636,2,300000,120000,0
lhz_dun03.gat,180,164,13,8	monster	マーガレッタ=ソリン	1637,2,300000,120000,0
lhz_dun03.gat,180,164,13,8	monster	セシル=ディモン		1638,5,0,0,0
lhz_dun03.gat,180,164,13,8	monster	カトリーヌ=ケイロン	1639,3,0,0,0
lhz_dun03.gat,98,113,13,9	monster	セイレン=ウィンザー	1634,2,300000,120000,0
lhz_dun03.gat,98,113,13,9	monster	エレメス=ガイル		1635,2,300000,120000,0
lhz_dun03.gat,98,113,13,9	monster	ハワード=アルトアイゼン	1636,2,300000,120000,0
lhz_dun03.gat,98,113,13,9	monster	セシル=ディモン		1638,5,0,0,0
lhz_dun03.gat,98,113,13,9	monster	カトリーヌ=ケイロン	1639,3,0,0,0
lhz_dun03.gat,180,113,13,9	monster	エレメス=ガイル		1635,2,300000,120000,0
lhz_dun03.gat,180,113,13,9	monster	ハワード=アルトアイゼン	1636,2,300000,120000,0
lhz_dun03.gat,180,113,13,9	monster	マーガレッタ=ソリン	1637,2,300000,120000,0
lhz_dun03.gat,180,113,13,9	monster	セシル=ディモン		1638,5,0,0,0
lhz_dun03.gat,180,113,13,9	monster	カトリーヌ=ケイロン	1639,3,0,0,0
lhz_dun03.gat,114,138,12,16	monster	セイレン=ウィンザー	1640,1,2700000,2400000,1
lhz_dun03.gat,163,138,12,16	monster	ハワード=アルトアイゼン	1642,1,3000000,2700000,1
lhz_dun03.gat,139,158,20,11	monster	エレメス=ガイル		1641,1,2580000,2340000,1
lhz_dun03.gat,139,117,20,11	monster	セシル=ディモン		1644,1,2700000,2500000,1
lhz_dun03.gat,138,138,36,34	monster	マーガレッタ=ソリン	1643,1,3300000,3000000,1
lhz_dun03.gat,138,138,36,34	monster	カトリーヌ=ケイロン	1645,1,2580000,2460000,1

lhz_dun03.gat,0,0,0	script	#LhzMVP	-1,{
OnInit:
	initnpctimer;
	end;
OnTimer6000000:
OnTimer6300000:
OnTimer6600000:
OnTimer6900000:
OnTimer7200000:
OnTimer7500000:
	if(rand(6))
		end;
OnTimer7800000:
	stopnpctimer;
	switch(rand(6)) {
	case 0: set '@x,140; set '@y,232; break;
	case 1: set '@x,75; set '@y,138; break;
	case 2: set '@x,140; set '@y,87; break;
	case 3: set '@x,205; set '@y,140; break;
	case 4: set '@x,123; set '@y,137; break;
	case 5: set '@x,157; set '@y,137; break;
	}
	monster "lhz_dun03.gat",'@x,'@y,"--ja--",1646+rand(6),1,"#LhzMVP::OnKilled";
	end;
OnKilled:
	switch(rand(6)) {
	case 0: set '@x,183; set '@y,97; break;
	case 1: set '@x,97; set '@y,96; break;
	case 2: set '@x,47; set '@y,139; break;
	case 3: set '@x,231; set '@y,140; break;
	case 4: set '@x,139; set '@y,211; break;
	case 5: set '@x,139; set '@y,259; break;
	}
	monster "lhz_dun03.gat",'@x,'@y,"--ja--",1640+rand(6),1;
	initnpctimer;
	end;
}
