//= Auriga Script ==============================================================
// Ragnarok Online Odin Temple Monster Spawn Script　　Ep 11.2
//==============================================================================

//============================================================
// オーディン神殿 01 - odin_tem01.gat
//------------------------------------------------------------
odin_tem01.gat,0,0,0,0	monster	ブリーズ		1692,10,300000,240000,0
odin_tem01.gat,0,0,0,0	monster	ブループラズマ		1697,3,900000,300000,0
odin_tem01.gat,0,0,0,0	monster	グリーンプラズマ	1695,3,900000,300000,0
odin_tem01.gat,0,0,0,0	monster	パープルプラズマ	1696,3,900000,300000,0
odin_tem01.gat,0,0,0,0	monster	レッドプラズマ		1694,3,900000,300000,0
odin_tem01.gat,0,0,0,0	monster	イエロープラズマ	1693,10,900000,300000,0
odin_tem01.gat,0,0,0,0	monster	プルス			1753,5,0,0,0
odin_tem01.gat,0,0,0,0	monster	スコグル		1752,5,0,0,0
odin_tem01.gat,0,0,0,0	monster	緑色草			1080,5,60000,30000,1
odin_tem01.gat,0,0,0,0	monster	黄色草			1081,5,60000,30000,1
odin_tem01.gat,0,0,0,0	monster	青い草			1079,5,600000,300000,1

//============================================================
// オーディン神殿 02 - odin_tem02.gat
//------------------------------------------------------------
odin_tem02.gat,0,0,0,0		monster	イエロープラズマ	1693,15,900000,300000,0
odin_tem02.gat,0,0,0,0		monster	スケゴルトブラウン	1754,1,1800000,0,0
odin_tem02.gat,0,0,0,0		monster	スケゴルトブラック	1755,1,1800000,0,0
odin_tem02.gat,0,0,0,0		monster	プルス			1753,30,0,0,0
odin_tem02.gat,0,0,0,0		monster	スコグル		1752,30,0,0,0
odin_tem02.gat,160,330,3,3	monster	プルス			1762,1,30000,15000,0
odin_tem02.gat,172,292,3,3	monster	スコグル		1761,1,30000,15000,0
odin_tem02.gat,182,263,3,3	monster	プルス			1762,1,30000,15000,0
odin_tem02.gat,190,236,3,3	monster	スコグル		1761,1,30000,15000,0
odin_tem02.gat,205,198,3,3	monster	プルス			1762,1,30000,15000,0
odin_tem02.gat,0,0,0,0		monster	ランドグリスゴースト	1765,1,5400000,1800000,0
odin_tem02.gat,0,0,0,0		monster	青い草			1079,10,1800000,900000,1

//============================================================
// オーディン神殿 03 - odin_tem03.gat
//------------------------------------------------------------
odin_tem03.gat,0,0,0,0		monster	イエロープラズマ	1693,20,900000,300000,0
odin_tem03.gat,0,0,0,0		monster	スケゴルトブラウン	1754,16,0,0,0
odin_tem03.gat,0,0,0,0		monster	スケゴルトブラック	1755,16,0,0,0
odin_tem03.gat,0,0,0,0		monster	プルス			1753,4,0,0,0
odin_tem03.gat,0,0,0,0		monster	スコグル		1752,4,0,0,0
odin_tem03.gat,116,65,3,3	monster	プルス			1762,1,30000,15000,0
odin_tem03.gat,100,110,3,3	monster	スコグル		1761,1,30000,15000,0
odin_tem03.gat,94,132,3,3	monster	プルス			1762,1,30000,15000,0
odin_tem03.gat,90,173,3,3	monster	プルス			1762,1,30000,15000,0
odin_tem03.gat,111,188,3,3	monster	スコグル		1761,1,30000,15000,0
odin_tem03.gat,151,210,3,3	monster	スコグル		1761,1,30000,15000,0
odin_tem03.gat,178,224,3,3	monster	スコグル		1761,1,30000,15000,0
odin_tem03.gat,205,240,3,3	monster	プルス			1762,1,30000,15000,0
odin_tem03.gat,238,265,3,3	monster	スコグル		1761,1,30000,15000,0
odin_tem03.gat,256,271,3,3	monster	プルス			1762,1,30000,15000,0
odin_tem03.gat,0,0,0,0		monster	ランドグリスゴースト	1765,2,1800000,1200000,0
odin_tem03.gat,0,0,0,0		monster	ランドグリス		1751,1,28800000,14400000,1
odin_tem03.gat,0,0,0,0		monster	青い草			1079,15,1800000,900000,1
odin_tem03.gat,0,0,0,0		monster	輝く草			1083,15,1800000,900000,1
