//= Auriga Script ==============================================================
// Ragnarok Online Umbala Field Monster Spawn Script　　Ep 11.2
//==============================================================================

//============================================================
// ウンバラフィールド 01（ルルカ森） - um_fild01.gat
//------------------------------------------------------------
um_fild01.gat,0,0,0,0	monster	ウータンファイター	1499,10,0,0,0
um_fild01.gat,0,0,0,0	monster	ステムワーム		1215,15,0,0,0
um_fild01.gat,0,0,0,0	monster	ハーピー		1376,2,0,0,0
um_fild01.gat,0,0,0,0	monster	ドリアード		1493,65,0,0,0
um_fild01.gat,0,0,0,0	monster	ダスティネス		1114,10,0,0,0
um_fild01.gat,0,0,0,0	monster	緑色草			1080,10,1800000,900000,1
um_fild01.gat,0,0,0,0	monster	黄色草			1081,10,1800000,900000,1
um_fild01.gat,0,0,0,0	monster	輝く草			1083,6,1800000,900000,1

//============================================================
// ウンバラフィールド 02（フムガ森） - um_fild02.gat
//------------------------------------------------------------
um_fild02.gat,0,0,0,0		monster	コーコー		1104,10,0,0,0
um_fild02.gat,0,0,0,0		monster	チョコ			1214,5,0,0,0
um_fild02.gat,0,0,0,0		monster	ビートル		1494,30,0,0,0
um_fild02.gat,0,0,0,0		monster	ダスティネス		1114,20,0,0,0
um_fild02.gat,0,0,0,0		monster	ウータンファイター	1499,26,0,0,0
um_fild02.gat,0,0,0,0		monster	フレイムシューター	1495,13,0,0,0
um_fild02.gat,169,215,10,10	monster	フレイムシューター	1495,1,120000,60000,0
um_fild02.gat,169,215,10,10	monster	ウータンシューター	1499,2,120000,60000,0
um_fild02.gat,159,285,10,10	monster	フレイムシューター	1495,1,120000,60000,0
um_fild02.gat,159,285,10,10	monster	ウータンファイター	1499,2,120000,60000,0
um_fild02.gat,99,303,10,10	monster	フレイムシューター	1495,1,120000,60000,0
um_fild02.gat,99,303,10,10	monster	ウータンファイター	1499,2,120000,60000,0
um_fild02.gat,122,242,10,10	monster	フレイムシューター	1495,1,120000,60000,0
um_fild02.gat,122,242,10,10	monster	ウータンファイター	1499,2,120000,60000,0
um_fild02.gat,124,198,10,10	monster	フレイムシューター	1495,1,120000,60000,0
um_fild02.gat,124,198,10,10	monster	ウータンファイター	1499,2,120000,60000,0
um_fild02.gat,126,133,10,10	monster	フレイムシューター	1495,1,120000,60000,0
um_fild02.gat,126,133,10,10	monster	ウータンファイター	1499,2,120000,60000,0
um_fild02.gat,159,171,10,10	monster	フレイムシューター	1495,1,120000,60000,0
um_fild02.gat,159,171,10,10	monster	ウータンファイター	1499,2,120000,60000,0
um_fild02.gat,284,247,10,10	monster	フレイムシューター	1495,1,120000,60000,0
um_fild02.gat,284,247,10,10	monster	ウータンファイター	1499,2,120000,60000,0
um_fild02.gat,330,262,10,10	monster	フレイムシューター	1495,1,120000,60000,0
um_fild02.gat,330,262,10,10	monster	ウータンファイター	1499,2,120000,60000,0
um_fild02.gat,296,187,10,10	monster	フレイムシューター	1495,1,120000,60000,0
um_fild02.gat,296,187,10,10	monster	ウータンファイター	1499,2,120000,60000,0
um_fild02.gat,285,105,10,10	monster	フレイムシューター	1495,1,120000,60000,0
um_fild02.gat,285,105,10,10	monster	ウータンファイター	1499,2,120000,60000,0
um_fild02.gat,257,137,10,10	monster	フレイムシューター	1495,1,120000,60000,0
um_fild02.gat,257,137,10,10	monster	ウータンファイター	1499,2,120000,60000,0
um_fild02.gat,360,320,20,30	monster	フローラ		1118,3,180000,120000,0
um_fild02.gat,0,0,0,0		monster	赤い草			1078,5,180000,90000,1
um_fild02.gat,0,0,0,0		monster	黄色草			1081,5,180000,90000,1

//============================================================
// ウンバラフィールド 03（カララ沼） - um_fild03.gat
//------------------------------------------------------------
um_fild03.gat,0,0,0,0	monster	フェアリーフ	1500,95,0,0,0
um_fild03.gat,0,0,0,0	monster	ドラゴンテイル	1321,20,0,0,0
um_fild03.gat,0,0,0,0	monster	アリゲーター	1271,10,0,0,0
um_fild03.gat,0,0,0,0	monster	グリフォン	1259,1,3500000,1900000,0
um_fild03.gat,0,0,0,0	monster	青い草		1079,5,1800000,900000,1
um_fild03.gat,0,0,0,0	monster	緑色草		1080,10,1800000,900000,1
um_fild03.gat,0,0,0,0	monster	輝く草		1083,2,1800000,900000,1

//============================================================
// ウンバラフィールド 04（フムガジャングル） - um_fild04.gat
//------------------------------------------------------------
um_fild04.gat,0,0,0,0		monster	ビートル		1494,30,0,0,0
um_fild04.gat,0,0,0,0		monster	ホルン			1128,15,0,0,0
um_fild04.gat,0,0,0,0		monster	チョコ			1214,2,0,0,0
um_fild04.gat,0,0,0,0		monster	ウータンシューター	1498,7,0,0,0
um_fild04.gat,264,293,10,10	monster	ホルン			1128,2,1200000,600000,0
um_fild04.gat,264,293,10,10	monster	ビートル		1494,4,120000,60000,0
um_fild04.gat,121,239,10,10	monster	ビートル		1494,2,120000,60000,0
um_fild04.gat,91,79,10,10	monster	ビートル		1494,2,120000,60000,0
um_fild04.gat,244,339,10,10	monster	ビートル		1494,2,120000,60000,0
um_fild04.gat,295,93,10,10	monster	ビートル		1494,2,120000,60000,0
um_fild04.gat,118,237,10,10	monster	ビートル		1494,2,120000,60000,0
um_fild04.gat,118,237,10,10	monster	ホルン			1128,1,120000,60000,0
um_fild04.gat,311,285,10,10	monster	ビートル		1494,2,120000,60000,0
um_fild04.gat,311,285,10,10	monster	ホルン			1128,1,120000,60000,0
um_fild04.gat,206,188,10,10	monster	ビートル		1494,2,120000,60000,0
um_fild04.gat,206,188,10,10	monster	ホルン			1128,1,120000,60000,0
um_fild04.gat,239,245,10,10	monster	ビートル		1494,2,120000,60000,0
um_fild04.gat,239,245,10,10	monster	ホルン			1128,1,120000,60000,0
um_fild04.gat,239,245,10,10	monster	ウータンシューター	1498,1,300000,60000,0
um_fild04.gat,91,79,10,10	monster	ウータンシューター	1498,1,300000,60000,0
um_fild04.gat,295,93,10,10	monster	ウータンシューター	1498,1,300000,60000,0
um_fild04.gat,0,0,0,0		monster	赤い草			1078,5,180000,90000,1
um_fild04.gat,0,0,0,0		monster	黄色草			1081,5,180000,90000,1
