//= Auriga Script ==============================================================
// Ragnarok Online Hugel Field Monster Spawn Script　　Ep 11.2
//==============================================================================

//============================================================
// フィゲルフィールド 01（タナトスタワー） - hu_fild01.gat
//------------------------------------------------------------
hu_fild01.gat,0,0,0,0	monster	ブリーズ	1692,5,900000,300000,0
hu_fild01.gat,0,0,0,0	monster	プラズマ	1697,5,900000,300000,0
hu_fild01.gat,0,0,0,0	monster	プラズマ	1695,5,900000,300000,0
hu_fild01.gat,0,0,0,0	monster	プラズマ	1696,5,900000,300000,0
hu_fild01.gat,0,0,0,0	monster	プラズマ	1694,5,900000,300000,0
hu_fild01.gat,0,0,0,0	monster	プラズマ	1693,5,900000,300000,0
hu_fild01.gat,0,0,0,0	monster	ジオグラファー	1368,30,300000,0,0
hu_fild01.gat,0,0,0,0	monster	デーモンパンク	1378,30,1200000,600000,0

//============================================================
// フィゲルフィールド 02 - hu_fild02.gat
//------------------------------------------------------------
hu_fild02.gat,0,0,0,0		monster	ウィレス		1627,30,0,0,0
hu_fild02.gat,0,0,0,0		monster	ノーバス		1715,20,0,0,0
hu_fild02.gat,0,0,0,0		monster	ノーバス		1718,40,0,0,0
hu_fild02.gat,0,0,0,0		monster	ブリーズ		1692,10,0,0,0
hu_fild02.gat,0,0,0,0		monster	ジオグラファー		1368,10,600000,120000,0
hu_fild02.gat,0,0,0,0		monster	グリーンイグアナ	1687,20,600000,120000,0
hu_fild02.gat,85,85,53,47	monster	デーモンパンク		1378,3,300000,120000,0
hu_fild02.gat,85,85,37,47	monster	ノーバス		1715,1,300000,120000,0
hu_fild02.gat,85,85,37,47	monster	ノーバス		1718,1,300000,120000,0

//============================================================
// フィゲルフィールド 03 - hu_fild03.gat
//------------------------------------------------------------
hu_fild03.gat,0,0,0,0		monster	グリーンイグアナ	1687,70,0,0,0
hu_fild03.gat,0,0,0,0		monster	ノーバス		1715,30,0,0,0
hu_fild03.gat,0,0,0,0		monster	ポポリン		1031,20,0,0,0
hu_fild03.gat,0,0,0,0		monster	盗蟲			1051,10,0,0,0
hu_fild03.gat,40,157,3,3	monster	赤いきのこ		1085,2,300000,0,0
hu_fild03.gat,219,211,7,5	monster	赤いきのこ		1085,3,300000,0,0
hu_fild03.gat,285,230,5,4	monster	赤いきのこ		1085,2,300000,0,0
hu_fild03.gat,247,118,9,4	monster	赤いきのこ		1085,3,300000,0,0
hu_fild03.gat,96,156,5,5	monster	黒いきのこ		1084,3,300000,0,0
hu_fild03.gat,170,220,5,4	monster	黒いきのこ		1084,3,300000,0,0
hu_fild03.gat,212,328,5,4	monster	黒いきのこ		1084,2,300000,0,0
hu_fild03.gat,231,151,3,3	monster	黒いきのこ		1084,2,300000,0,0

//============================================================
// フィゲルフィールド 04 - hu_fild04.gat
//------------------------------------------------------------
hu_fild04.gat,0,0,0,0		monster	ブリーズ		1692,20,0,0,0
hu_fild04.gat,0,0,0,0		monster	デリーター		1384,10,420000,240000,0
hu_fild04.gat,0,0,0,0		monster	デリーター		1385,10,420000,240000,0
hu_fild04.gat,0,0,0,0		monster	プティット		1155,10,0,0,0
hu_fild04.gat,0,0,0,0		monster	プティット		1156,60,0,0,0
hu_fild04.gat,0,0,0,0		monster	ノーバス		1715,20,0,0,0
hu_fild04.gat,0,0,0,0		monster	ノーバス		1718,10,0,0,0
hu_fild04.gat,0,0,0,0		monster	ウィレス		1627,30,0,0,0
hu_fild04.gat,0,0,0,0		monster	グリーンイグアナ	1687,20,0,0,0
hu_fild04.gat,60,149,35,122	monster	スリーパー		1386,7,600000,300000,0
hu_fild04.gat,0,0,0,0		monster	緑色草			1080,10,0,0,0
hu_fild04.gat,0,0,0,0		monster	黄色草			1081,10,0,0,0
hu_fild04.gat,206,210,30,18	monster	青い草			1079,4,120000,60000,0
hu_fild04.gat,206,120,10,10	monster	青い草			1079,2,120000,60000,0

//============================================================
// フィゲルフィールド 05（アビスレイク） - hu_fild05.gat
//------------------------------------------------------------
hu_fild05.gat,185,208,15,24	monster	ウィレス		1627,3,42000,30000,0
hu_fild05.gat,112,272,62,82	monster	グリーンイグアナ	1687,15,0,0,0
hu_fild05.gat,112,272,62,82	monster	ノーバス		1715,2,0,0,0
hu_fild05.gat,112,272,62,82	monster	ノーバス		1718,2,0,0,0
hu_fild05.gat,112,272,62,82	monster	ウィレス		1627,10,0,0,0
hu_fild05.gat,112,272,62,82	monster	ミュータントドラゴン	1262,1,24000000,1800000,0
hu_fild05.gat,276,302,93,60	monster	グリーンイグアナ	1687,15,0,0,0
hu_fild05.gat,276,302,93,60	monster	ノーバス		1715,2,0,0,0
hu_fild05.gat,276,302,93,60	monster	ノーバス		1718,1,0,0,0
hu_fild05.gat,276,302,93,60	monster	ウィレス		1627,10,0,0,0
hu_fild05.gat,276,302,93,60	monster	ミュータントドラゴン	1262,1,24000000,1800000,0
hu_fild05.gat,286,144,82,90	monster	グリーンイグアナ	1687,15,0,0,0
hu_fild05.gat,286,144,82,90	monster	ノーバス		1715,2,0,0,0
hu_fild05.gat,286,144,82,90	monster	ノーバス		1718,2,0,0,0
hu_fild05.gat,286,144,82,90	monster	ウィレス		1627,10,0,0,0
hu_fild05.gat,286,144,82,90	monster	ミュータントドラゴン	1262,1,24000000,1800000,0
hu_fild05.gat,118,106,80,70	monster	グリーンイグアナ	1687,15,0,0,0
hu_fild05.gat,118,106,80,70	monster	ノーバス		1715,2,0,0,0
hu_fild05.gat,118,106,80,70	monster	ノーバス		1718,1,0,0,0
hu_fild05.gat,118,106,80,70	monster	ウィレス		1627,10,0,0,0
hu_fild05.gat,118,106,80,70	monster	ミュータントドラゴン	1262,1,24000000,1800000,0
hu_fild05.gat,0,0,0,0		monster	ウィレス		1627,10,0,0,0
hu_fild05.gat,0,0,0,0		monster	ドラゴンの卵		1721,1,7200000,1800000,0
hu_fild05.gat,196,196,5,5	monster	ドラゴンの卵		1721,1,7200000,1800000,0
hu_fild05.gat,340,50,10,10	monster	ドラゴンの卵		1721,1,7200000,1800000,0
hu_fild05.gat,280,350,5,5	monster	ドラゴンの卵		1721,1,7200000,1800000,0

//============================================================
// フィゲルフィールド 06 - hu_fild06.gat
//------------------------------------------------------------
hu_fild06.gat,0,0,0,0		monster	モルデン	1628,50,0,0,0
hu_fild06.gat,0,0,0,0		monster	キャラメル	1103,20,0,0,0
hu_fild06.gat,0,0,0,0		monster	ポリン		1002,10,0,0,0
hu_fild06.gat,0,0,0,0		monster	ポポリン	1031,10,0,0,0
hu_fild06.gat,0,0,0,0		monster	メタリン	1613,10,0,0,0
hu_fild06.gat,234,251,14,120	monster	緑色草		1080,10,600000,0,0
hu_fild06.gat,234,251,14,120	monster	黄色草		1081,10,600000,0,0

//============================================================
// フィゲルフィールド 07 - hu_fild07.gat
//------------------------------------------------------------
hu_fild07.gat,0,0,0,0	monster	ブリーズ		1692,10,0,0,0
hu_fild07.gat,0,0,0,0	monster	デリーター		1384,10,420000,240000,0
hu_fild07.gat,0,0,0,0	monster	デリーター		1385,10,420000,240000,0
hu_fild07.gat,0,0,0,0	monster	プティット		1155,60,0,0,0
hu_fild07.gat,0,0,0,0	monster	プティット		1156,20,0,0,0
hu_fild07.gat,0,0,0,0	monster	ノーバス		1715,10,0,0,0
hu_fild07.gat,0,0,0,0	monster	ノーバス		1718,10,0,0,0
hu_fild07.gat,0,0,0,0	monster	ウィレス		1627,30,0,0,0
hu_fild07.gat,0,0,0,0	monster	グリーンイグアナ	1687,10,0,0,0
hu_fild07.gat,0,0,0,0	monster	ジオグラファー		1368,20,0,0,0
hu_fild07.gat,0,0,0,0	monster	デーモンパンク		1378,10,0,0,0
hu_fild07.gat,0,0,0,0	monster	黄色草			1081,20,0,0,0
