//= Athena Script ==============================================================
// Ragnarok Online Comodo Field Monster Spawn Script　　Ep 10.4
//==============================================================================

//============================================================
// コモドフィールド 01（パプチカ森） - cmd_fild01.gat
//------------------------------------------------------------
cmd_fild01.gat,0,0,0,0		monster	アリゲーター	1271,60,0,0,0
cmd_fild01.gat,0,0,0,0		monster	サベージ	1166,30,0,0,0
cmd_fild01.gat,0,0,0,0		monster	ポポリン	1031,30,0,0,0
cmd_fild01.gat,0,0,0,0		monster	ポイズンスポア	1077,20,0,0,0
cmd_fild01.gat,313,213,20,20	monster	輝く草		1083,1,1800000,900000,1
cmd_fild01.gat,313,213,20,20	monster	青い草		1079,1,1800000,900000,1
cmd_fild01.gat,171,339,20,20	monster	青い草		1079,2,1800000,900000,1
cmd_fild01.gat,72,78,20,20	monster	青い草		1079,2,1800000,900000,1
cmd_fild01.gat,194,176,40,40	monster	青い草		1079,1,1800000,900000,1
cmd_fild01.gat,0,0,0,0		monster	緑色草		1080,5,1800000,900000,1

//============================================================
// コモドフィールド 02（ココモビーチ） - cmd_fild02.gat
//------------------------------------------------------------
cmd_fild02.gat,73,100,80,200	monster	ヒトデ		1266,5,0,0,0
cmd_fild02.gat,200,130,300,100	monster	ヒトデ		1266,5,0,0,0
cmd_fild02.gat,0,0,0,0		monster	カニ		1073,20,0,0,0
cmd_fild02.gat,0,0,0,0		monster	アリゲーター	1271,10,0,0,0
cmd_fild02.gat,0,0,0,0		monster	レグルロ	1254,30,0,0,0
cmd_fild02.gat,94,85,80,160	monster	レグルロ	1254,2,60000,0,0
cmd_fild02.gat,95,89,80,160	monster	カナトウス	1067,5,180000,0,0
cmd_fild02.gat,279,78,200,40	monster	カナトウス	1067,10,60000,0,0
cmd_fild02.gat,0,0,0,0		monster	お化け貝	1074,35,0,0,0
cmd_fild02.gat,93,82,80,160	monster	お化け貝	1074,5,180000,0,0
cmd_fild02.gat,0,0,0,0		monster	チンピラ	1313,1,0,0,0
cmd_fild02.gat,200,130,300,80	monster	オットー	1317,25,0,0,0
cmd_fild02.gat,93,82,80,160	monster	オットー	1317,2,180000,0,0
cmd_fild02.gat,0,0,0,0		monster	ガラパゴ	1391,20,0,0,0

//============================================================
// コモドフィールド 03（ジナイ沼） - cmd_fild03.gat
//------------------------------------------------------------
cmd_fild03.gat,0,0,0,0		monster	ミュータントドラゴン	1262,1,3600000,1800000,1
cmd_fild03.gat,0,0,0,0		monster	ペスト			1256,20,0,0,0
cmd_fild03.gat,0,0,0,0		monster	ポポリン		1031,10,0,0,0
cmd_fild03.gat,0,0,0,0		monster	アノリアン		1206,70,0,0,0
cmd_fild03.gat,0,0,0,0		monster	トード			1089,1,1800000,900000,1
cmd_fild03.gat,0,0,0,0		monster	ロータージャイロ	1392,20,0,0,0
cmd_fild03.gat,356,232,5,5	monster	輝く草			1083,1,1800000,900000,1
cmd_fild03.gat,262,289,5,5	monster	輝く草			1083,1,1800000,900000,1
cmd_fild03.gat,145,191,5,5	monster	輝く草			1083,1,1800000,900000,1

//============================================================
// コモドフィールド 04（ココモビーチ） - cmd_fild04.gat
//------------------------------------------------------------
cmd_fild04.gat,221,120,240,80	monster	ヒトデ		1266,45,0,0,0
cmd_fild04.gat,0,0,0,0		monster	アリゲーター	1271,40,0,0,0
cmd_fild04.gat,0,0,0,0		monster	カニ		1073,20,0,0,0
cmd_fild04.gat,0,0,0,0		monster	レグルロ	1254,20,0,0,0
cmd_fild04.gat,0,0,0,0		monster	お化け貝	1074,20,0,0,0
cmd_fild04.gat,221,120,240,80	monster	シーオッター	1323,20,0,0,0

//============================================================
// コモドフィールド 05（パプチカ森境） - cmd_fild05.gat
//------------------------------------------------------------
cmd_fild05.gat,0,0,0,0		monster	フリルドラ	1119,15,0,0,0
cmd_fild05.gat,0,0,0,0		monster	アノリアン	1206,20,0,0,0
cmd_fild05.gat,0,0,0,0		monster	ステムワーム	1215,30,0,0,0
cmd_fild05.gat,0,0,0,0		monster	ポポリン	1031,10,0,0,0
cmd_fild05.gat,0,0,0,0		monster	ペスト		1256,20,0,0,0
cmd_fild05.gat,63,158,20,20	monster	輝く草		1083,1,1800000,900000,1
cmd_fild05.gat,318,277,20,20	monster	黄色草		1081,3,1800000,900000,1
cmd_fild05.gat,282,49,40,40	monster	黄色草		1081,3,1800000,900000,1
cmd_fild05.gat,0,0,0,0		monster	緑色草		1080,5,1800000,900000,1

//============================================================
// コモドフィールド 06（サンダルマン要塞西） - cmd_fild06.gat
//------------------------------------------------------------
cmd_fild06.gat,357,299,160,140	monster	コボルドアーチャー	1282,5,0,0,0
cmd_fild06.gat,318,146,240,160	monster	コボルドアーチャー	1282,7,0,0,0
cmd_fild06.gat,244,113,0,0	monster	コボルドアーチャー	1282,1,180000,0,0
cmd_fild06.gat,290,164,0,0	monster	コボルドアーチャー	1282,1,190000,0,0
cmd_fild06.gat,284,197,0,0	monster	コボルドアーチャー	1282,1,180000,0,0
cmd_fild06.gat,286,289,0,0	monster	コボルドアーチャー	1282,1,180000,0,0
cmd_fild06.gat,314,267,0,0	monster	コボルドアーチャー	1282,1,180000,0,0
cmd_fild06.gat,355,294,160,140	monster	ゴブリンアーチャー	1258,7,0,0,0
cmd_fild06.gat,307,97,140,400	monster	ゴブリンアーチャー	1258,7,0,0,0
cmd_fild06.gat,100,265,20,80	monster	ゴブリンアーチャー	1258,3,130000,0,0
cmd_fild06.gat,244,110,0,0	monster	ゴブリンアーチャー	1258,1,180000,0,0
cmd_fild06.gat,292,169,0,0	monster	ゴブリンアーチャー	1258,1,180000,0,0
cmd_fild06.gat,284,129,0,0	monster	ゴブリンアーチャー	1258,1,180000,0,0
//cmd_fild06.gat,184,126,0,0	monster	ゴブリンアーチャー	1258,1,180000,0,0
cmd_fild06.gat,279,199,0,0	monster	ゴブリンアーチャー	1258,1,180000,0,0
cmd_fild06.gat,277,186,0,0	monster	コブリンアーチャー	1258,1,180000,0,0
cmd_fild06.gat,284,186,0,0	monster	ゴブリンアーチャー	1258,1,180000,0,0
cmd_fild06.gat,354,342,0,0	monster	ゴブリンアーチャー	1258,1,180000,0,0
cmd_fild06.gat,365,342,0,0	monster	ゴブリンアーチャー	1258,1,180000,0,0
cmd_fild06.gat,340,334,0,0	monster	ゴブリンアーチャー	1258,1,180000,0,0
cmd_fild06.gat,305,95,140,360	monster	ステムワーム		1215,30,0,0,0
cmd_fild06.gat,102,268,20,80	monster	ステムワーム		1215,3,0,0,0
cmd_fild06.gat,359,156,60,100	monster	ステムワーム		1215,1,0,0,0
cmd_fild06.gat,360,155,60,100	monster	ステムワーム		1215,1,0,0,0
cmd_fild06.gat,357,298,160,140	monster	ステムワーム		1215,20,0,0,0
cmd_fild06.gat,0,0,0,0		monster	ドロップス		1113,20,0,0,0
cmd_fild06.gat,0,0,0,0		monster	ハーピー		1376,1,1500000,1000000,0
cmd_fild06.gat,293,235,10,10	monster	黄色草			1081,2,1800000,900000,1
cmd_fild06.gat,84,375,20,20	monster	黄色草			1081,3,1800000,900000,1

//============================================================
// コモドフィールド 07（ファロス燈台島） - cmd_fild07.gat
//------------------------------------------------------------
cmd_fild07.gat,242,108,80,180	monster	ヒトデ		1266,2,60000,0,0
cmd_fild07.gat,102,177,120,180	monster	ヒトデ		1266,3,60000,0,0
cmd_fild07.gat,240,107,80,180	monster	カニ		1073,3,60000,0,0
cmd_fild07.gat,100,175,120,180	monster	カニ		1073,2,60000,0,0
cmd_fild07.gat,101,176,120,180	monster	レグルロ	1254,1,180000,0,0
cmd_fild07.gat,241,106,80,180	monster	レグルロ	1254,1,180000,0,0
cmd_fild07.gat,204,317,120,120	monster	レグルロ	1254,1,60000,0,0
cmd_fild07.gat,323,310,120,120	monster	レグルロ	1254,1,60000,0,0
cmd_fild07.gat,0,0,0,0		monster	ドロップス	1113,20,0,0,0
cmd_fild07.gat,239,105,80,180	monster	お化け貝	1074,2,60000,0,0
cmd_fild07.gat,104,180,80,180	monster	お化け貝	1074,3,60000,0,0

//============================================================
// コモドフィールド 08（サンダルマン要塞東） - cmd_fild08.gat
//------------------------------------------------------------
cmd_fild08.gat,127,279,60,100	monster	コボルドアーチャー	1282,5,60000,0,0
cmd_fild08.gat,130,192,220,300	monster	コボルドアーチャー	1282,5,0,0,0
cmd_fild08.gat,146,136,60,160	monster	コボルドアーチャー	1282,5,0,0,0
cmd_fild08.gat,73,132,80,200	monster	コボルドアーチャー	1282,5,0,0,0
cmd_fild08.gat,146,136,60,180	monster	コボルドアーチャー	1282,5,0,0,0
cmd_fild08.gat,157,329,0,0	monster	コボルドアーチャー	1282,1,190000,0,0
cmd_fild08.gat,150,320,0,0	monster	コボルドアーチャー	1282,1,190000,0,0
cmd_fild08.gat,195,174,0,0	monster	コボルドアーチャー	1282,1,190000,0,0
cmd_fild08.gat,173,168,0,0	monster	コボルドアーチャー	1282,1,190000,0,0
cmd_fild08.gat,178,363,0,0	monster	コボルドアーチャー	1282,1,190000,0,0
cmd_fild08.gat,175,367,0,0	monster	コボルドアーチャー	1282,1,190000,0,0
cmd_fild08.gat,53,248,0,0	monster	コボルドアーチャー	1282,1,190000,0,0
cmd_fild08.gat,52,238,0,0	monster	コボルドアーチャー	1282,1,190000,0,0
cmd_fild08.gat,272,175,80,4	monster	コボルドアーチャー	1282,2,60000,0,0
cmd_fild08.gat,190,115,200,160	monster	コボルドアーチャー	1282,10,0,0,0
cmd_fild08.gat,130,192,220,300	monster	コボルドアーチャー	1282,7,0,0,0
cmd_fild08.gat,72,131,80,200	monster	コボルドアーチャー	1282,8,0,0,0
cmd_fild08.gat,319,177,0,0	monster	コボルドアーチャー	1282,1,180000,0,0
cmd_fild08.gat,319,172,0,0	monster	コボルドアーチャー	1282,1,180000,0,0
cmd_fild08.gat,139,71,0,0	monster	コボルドアーチャー	1282,1,180000,0,0
cmd_fild08.gat,136,64,0,0	monster	コボルドアーチャー	1282,1,180000,0,0
cmd_fild08.gat,67,80,0,0	monster	コボルドアーチャー	1282,1,180000,0,0
cmd_fild08.gat,132,149,0,0	monster	コボルドアーチャー	1282,1,180000,0,0
cmd_fild08.gat,97,144,0,0	monster	コボルドアーチャー	1282,1,180000,0,0
cmd_fild08.gat,79,140,0,0	monster	コボルドアーチャー	1282,1,180000,0,0
cmd_fild08.gat,28,102,0,0	monster	コボルドアーチャー	1282,1,180000,0,0
cmd_fild08.gat,80,348,120,80	monster	ゴブリンアーチャー	1258,5,0,0,0
cmd_fild08.gat,130,192,220,300	monster	ゴブリンアーチャー	1258,5,0,0,0
cmd_fild08.gat,194,291,50,80	monster	ゴブリンアーチャー	1258,5,0,0,0
cmd_fild08.gat,73,132,80,200	monster	ゴブリンアーチャー	1258,5,0,0,0
cmd_fild08.gat,182,205,0,0	monster	ゴブリンアーチャー	1258,1,150000,0,0
cmd_fild08.gat,177,210,0,0	monster	ゴブリンアーチャー	1258,1,150000,0,0
cmd_fild08.gat,58,40,0,0	monster	ゴブリンアーチャー	1258,1,150000,0,0
cmd_fild08.gat,55,45,0,0	monster	ゴブリンアーチャー	1258,1,150000,0,0
cmd_fild08.gat,104,313,0,0	monster	ゴブリンアーチャー	1258,1,150000,0,0
cmd_fild08.gat,98,307,0,0	monster	ゴブリンアーチャー	1258,1,150000,0,0
cmd_fild08.gat,41,126,0,0	monster	ゴブリンアーチャー	1258,1,150000,0,0
cmd_fild08.gat,37,129,0,0	monster	ゴブリンアーチャー	1258,1,150000,0,0
cmd_fild08.gat,66,252,80,60	monster	ステムワーム		1215,5,30000,0,0
cmd_fild08.gat,130,192,220,300	monster	ステムワーム		1215,10,0,0,0
cmd_fild08.gat,70,130,80,180	monster	ステムワーム		1215,2,0,0,0
cmd_fild08.gat,189,64,60,60	monster	ステムワーム		1215,3,180000,0,0
cmd_fild08.gat,174,172,0,0	monster	ステムワーム		1215,1,180000,0,0
cmd_fild08.gat,266,175,0,0	monster	ステムワーム		1215,1,180000,0,0
cmd_fild08.gat,127,273,0,0	monster	ステムワーム		1215,1,180000,0,0
cmd_fild08.gat,92,141,0,0	monster	ステムワーム		1215,1,180000,0,0
cmd_fild08.gat,85,135,0,0	monster	ステムワーム		1215,1,180000,0,0
cmd_fild08.gat,0,0,0,0		monster	ドロップス		1113,10,0,0,0
cmd_fild08.gat,326,258,100,220	monster	サンドマン		1165,15,0,0,0
cmd_fild08.gat,326,258,100,220	monster	コボルドアーチャー	1282,10,0,0,0
cmd_fild08.gat,326,258,100,220	monster	サイドワインダー	1037,2,0,0,0
cmd_fild08.gat,0,0,0,0		monster	サイドワインダー	1037,3,0,0,0
cmd_fild08.gat,130,192,220,300	monster	サイドワインダー	1037,15,0,0,0
cmd_fild08.gat,0,0,0,0		monster	グリフォン		1259,1,3600000,1800000,1
cmd_fild08.gat,60,143,20,20	monster	黄色草			1081,4,1800000,900000,1
cmd_fild08.gat,130,201,20,20	monster	黄色草			1081,4,1800000,900000,1

//============================================================
// コモドフィールド 09（サンダルマン要塞南） - cmd_fild09.gat
//------------------------------------------------------------
cmd_fild09.gat,0,0,0,0		monster	スチールチョンチョン	1042,20,0,0,0
cmd_fild09.gat,0,0,0,0		monster	ドロップス		1113,20,0,0,0
cmd_fild09.gat,0,0,0,0		monster	アナコンダク		1030,20,0,0,0
cmd_fild09.gat,0,0,0,0		monster	コンドル		1009,40,0,0,0
cmd_fild09.gat,142,325,80,100	monster	ホード			1127,3,150000,0,0
cmd_fild09.gat,140,323,80,100	monster	ガーゴイル		1253,2,150000,0,0
