//= Athena Script ==============================================================
// Ragnarok Online Amatsu Field Monster Spawn Script　　Ep 10.4
//==============================================================================

//============================================================
// アマツフィールド 01 - ama_fild01.gat
//------------------------------------------------------------
ama_fild01.gat,0,0,0,0		monster	カラ傘		1400,50,0,0,0
ama_fild01.gat,174,207,40,40	monster	河童		1406,5,1200000,600000,0
ama_fild01.gat,241,310,20,20	monster	河童		1406,5,600000,300000,0
ama_fild01.gat,114,230,20,20	monster	河童		1406,5,600000,300000,0
ama_fild01.gat,174,253,20,20	monster	河童		1406,5,600000,300000,0
ama_fild01.gat,177,315,0,0	monster	ヒドラ		1068,1,60000,30000,0
ama_fild01.gat,175,315,0,0	monster	ヒドラ		1068,1,60000,30000,0
ama_fild01.gat,173,315,0,0	monster	ヒドラ		1068,1,60000,30000,0
ama_fild01.gat,171,315,0,0	monster	ヒドラ		1068,1,60000,30000,0
ama_fild01.gat,169,315,0,0	monster	ヒドラ		1068,1,60000,30000,0
ama_fild01.gat,177,314,0,0	monster	ヒドラ		1068,1,60000,30000,0
ama_fild01.gat,175,314,0,0	monster	ヒドラ		1068,1,60000,30000,0
ama_fild01.gat,173,314,0,0	monster	ヒドラ		1068,1,60000,30000,0
ama_fild01.gat,171,314,0,0	monster	ヒドラ		1068,1,60000,30000,0
ama_fild01.gat,169,314,0,0	monster	ヒドラ		1068,1,60000,30000,0
ama_fild01.gat,171,313,0,0	monster	ヒドラ		1068,1,60000,30000,0
ama_fild01.gat,173,313,0,0	monster	ヒドラ		1068,1,60000,30000,0
ama_fild01.gat,175,313,0,0	monster	ヒドラ		1068,1,60000,30000,0
//ama_fild01.gat,175,312,0,0	monster	ヒドラ		1068,1,60000,30000,0
//ama_fild01.gat,173,312,0,0	monster	ヒドラ		1068,1,60000,30000,0
//ama_fild01.gat,171,312,0,0	monster	ヒドラ		1068,1,60000,30000,0
//ama_fild01.gat,174,311,0,0	monster	ヒドラ		1068,1,60000,30000,0
//ama_fild01.gat,172,311,0,0	monster	ヒドラ		1068,1,60000,30000,0
ama_fild01.gat,173,310,0,0	monster	ヒドラ		1068,1,60000,30000,0
ama_fild01.gat,0,0,0,0		monster	河童		1406,20,60000,30000,0
ama_fild01.gat,174,306,40,40	monster	河童		1406,10,300000,150000,0
ama_fild01.gat,0,0,0,0		monster	雅人形		1404,2,180000,90000,0
ama_fild01.gat,0,0,0,0		monster	大口蛙		1402,1,180000,90000,0
ama_fild01.gat,0,0,0,0		monster	ポポリン	1031,15,0,0,0
ama_fild01.gat,0,0,0,0		monster	ビッグフット	1060,15,60000,30000,0
