//skill_tree.txt
// Upper,JobNo,Skill-ID,MaxLv,PreSkill-ID-1,PreSkill-Lv-1,計5個まで繰り返し,BaseLv,JobLv,Class

// Lord Knight
1,7,397,5,55,10,58,5,63,1,0,0,0,0,0,0,2//LK_SPIRALPIERCE	#スパイラルピアース#

// Chaser
1,16,390,5,215,1,0,0,0,0,0,0,0,0,0,0,2//ST_REJECTSWORD	#リジェクトソード#

// Gunslinger
0,24,502,1,500,1,511,10,0,0,0,0,0,0,0,0,1	//GS_TRIPLEACTION	#トリプルアクション#
0,24,503,1,500,5,512,10,0,0,0,0,0,0,0,0,1	//GS_BULLSEYE	#ブルズアイ#
0,24,504,1,500,4,517,10,0,0,0,0,0,0,0,0,1	//GS_MADNESSCANCEL	#マッドネスキャンセラー#
0,24,505,1,500,4,513,5,0,0,0,0,0,0,0,0,1	//GS_ADJUSTMENT	#アドジャストメント#
0,24,506,1,500,2,510,10,0,0,0,0,0,0,0,0,1	//GS_INCREASING	#インクリージングアキュラシー#
0,24,517,10,515,7,516,5,0,0,0,0,0,0,0,0,1	//GS_GATLINGFEVER	#ガトリングフィーバー#
0,24,520,10,519,5,0,0,0,0,0,0,0,0,0,0,1	//GS_SPREADATTACK	#スプレッドアタック#

// Rune Knight(High)
1,29,397,5,55,10,58,5,63,1,0,0,0,0,0,0,2	//LK_SPIRALPIERCE#スパイラルピアース#

// Shadow Chaser(High)
1,41,390,5,215,1,0,0,0,0,0,0,0,0,0,0,2	//ST_REJECTSWORD#リジェクトソード#

// Rebelion
0,45,502,1,500,1,511,10,0,0,0,0,0,0,0,0,1	//GS_TRIPLEACTION	#トリプルアクション#
0,45,503,1,500,5,512,10,0,0,0,0,0,0,0,0,1	//GS_BULLSEYE	#ブルズアイ#
0,45,504,1,500,4,517,10,0,0,0,0,0,0,0,0,1	//GS_MADNESSCANCEL	#マッドネスキャンセラー#
0,45,505,1,500,4,513,5,0,0,0,0,0,0,0,0,1	//GS_ADJUSTMENT	#アドジャストメント#
0,45,506,1,500,2,510,10,0,0,0,0,0,0,0,0,1	//GS_INCREASING	#インクリージングアキュラシー#
0,45,517,10,515,7,516,5,0,0,0,0,0,0,0,0,1	//GS_GATLINGFEVER	#ガトリングフィーバー#
0,45,520,10,519,5,0,0,0,0,0,0,0,0,0,0,1	//GS_SPREADATTACK	#スプレッドアタック#
