//Skill-ID,MaxLV,前提Skill-ID-1,前提Skill-ID-1-Lv,計5個まで繰り返し
10000,1,0,0,0,0,0,0,0,0,0,0	//GD_APPROVAL#正規ギルド承認#
10001,1,10000,1,0,0,0,0,0,0,0,0	//GD_KAFRACONTRACT#カプラ雇用#
10002,1,10000,1,0,0,0,0,0,0,0,0	//GD_GUARDRESEARCH#ガーディアン研究#
10003,3,10000,1,0,0,0,0,0,0,0,0	//GD_GUARDUP#ガーディアン強化#
10004,10,0,0,0,0,0,0,0,0,0,0	//GD_EXTENSION#ギルド拡張#
10005,0,0,0,0,0,0,0,0,0,0,0	//GD_GLORY#ギルドの栄光#
10006,5,0,0,0,0,0,0,0,0,0,0	//GD_LEADERSHIP#偉大なる指導力#
10007,5,0,0,0,0,0,0,0,0,0,0	//GD_GLORYWOUNDS#栄光の傷#
10008,5,10007,1,0,0,0,0,0,0,0,0	//GD_SOULCOLD#冷静な心#
10009,5,10006,1,0,0,0,0,0,0,0,0	//GD_HAWKEYES#鋭い視線#
10010,1,10000,1,10004,2,0,0,0,0,0,0	//GD_BATTLEORDER#臨戦態勢#
10011,3,10000,1,10004,5,10010,1,0,0,0,0	//GD_REGENERATION#激励#
10012,1,10011,2,0,0,0,0,0,0,0,0	//GD_RESTORE#治療#
10013,1,10000,1,10002,1,10004,5,10010,1,10011,1	//GD_EMERGENCYCALL#緊急招集#
10014,1,0,0,0,0,0,0,0,0,0,0	//GD_DEVELOPMENT#永久的な発展#
