//homun_skill_tree.txt
// Class,Skill-ID,MaxLv,PreSkill-ID-1,PreSkill-Lv-1,計5個まで繰り返し,BaseLv,Intimate

6001,8001,5,0,0,0,0,0,0,0,0,0,0,0,0//HLIF_HEAL#治癒の手助け(ヒール)#
6001,8002,5,8001,3,0,0,0,0,0,0,0,0,0,0//HLIF_AVOID#緊急回避#
6001,8003,5,8001,5,0,0,0,0,0,0,0,0,0,0//HLIF_BRAIN#脳手術#

6002,8005,5,0,0,0,0,0,0,0,0,0,0,0,0//HAMI_CASTLE#キャストリング#
6002,8006,5,8005,5,0,0,0,0,0,0,0,0,0,0//HAMI_DEFENCE#ディフェンス#
6002,8007,5,8006,3,0,0,0,0,0,0,0,0,0,0//HAMI_SKIN#アダマンティウムスキン#

6003,8009,5,0,0,0,0,0,0,0,0,0,0,0,0//HFLI_MOON#ムーンライト#
6003,8010,5,8009,3,0,0,0,0,0,0,0,0,0,0//HFLI_FLEET#フリートムーブ#
6003,8011,5,8010,3,0,0,0,0,0,0,0,0,0,0//HFLI_SPEED#オーバードスピード#

6004,8013,5,0,0,0,0,0,0,0,0,0,0,0,0//HVAN_CAPRICE#カプリス#
6004,8014,5,8013,3,0,0,0,0,0,0,0,0,0,0//HVAN_CHAOTIC#カオティックベネディクション#
6004,8015,5,8013,5,0,0,0,0,0,0,0,0,0,0//HVAN_INSTRUCT#チェンジインストラクション#

6005,8001,5,0,0,0,0,0,0,0,0,0,0,0,0//HLIF_HEAL#治癒の手助け(ヒール)#
6005,8002,5,8001,3,0,0,0,0,0,0,0,0,0,0//HLIF_AVOID#緊急回避#
6005,8003,5,8001,5,0,0,0,0,0,0,0,0,0,0//HLIF_BRAIN#脳手術#

6006,8005,5,0,0,0,0,0,0,0,0,0,0,0,0//HAMI_CASTLE#キャストリング#
6006,8006,5,8005,5,0,0,0,0,0,0,0,0,0,0//HAMI_DEFENCE#ディフェンス#
6006,8007,5,8006,3,0,0,0,0,0,0,0,0,0,0//HAMI_SKIN#アダマンティウムスキン#

6007,8009,5,0,0,0,0,0,0,0,0,0,0,0,0//HFLI_MOON#ムーンライト#
6007,8010,5,8009,3,0,0,0,0,0,0,0,0,0,0//HFLI_FLEET#フリートムーブ#
6007,8011,5,8010,3,0,0,0,0,0,0,0,0,0,0//HFLI_SPEED#オーバードスピード#

6008,8013,5,0,0,0,0,0,0,0,0,0,0,0,0//HVAN_CAPRICE#カプリス#
6008,8014,5,8013,3,0,0,0,0,0,0,0,0,0,0//HVAN_CHAOTIC#カオティックベネディクション#
6008,8015,5,8013,5,0,0,0,0,0,0,0,0,0,0//HVAN_INSTRUCT#チェンジインストラクション#

6009,8001,5,0,0,0,0,0,0,0,0,0,0,0,0//HLIF_HEAL#治癒の手助け(ヒール)#
6009,8002,5,8001,3,0,0,0,0,0,0,0,0,0,0//HLIF_AVOID#緊急回避#
6009,8003,5,8001,5,0,0,0,0,0,0,0,0,0,0//HLIF_BRAIN#脳手術#
6009,8004,3,8001,5,8002,5,8003,5,0,0,0,0,0,100000//HLIF_CHANGE#メンタルチェンジ#

6010,8005,5,0,0,0,0,0,0,0,0,0,0,0,0//HAMI_CASTLE#キャストリング#
6010,8006,5,8005,5,0,0,0,0,0,0,0,0,0,0//HAMI_DEFENCE#ディフェンス#
6010,8007,5,8006,3,0,0,0,0,0,0,0,0,0,0//HAMI_SKIN#アダマンティウムスキン#
6010,8008,3,8005,5,8006,5,8007,5,0,0,0,0,0,100000//HAMI_BLOODLUST#ブラッドラスト#

6011,8009,5,0,0,0,0,0,0,0,0,0,0,0,0//HFLI_MOON#ムーンライト#
6011,8010,5,8009,3,0,0,0,0,0,0,0,0,0,0//HFLI_FLEET#フリートムーブ#
6011,8011,5,8010,3,0,0,0,0,0,0,0,0,0,0//HFLI_SPEED#オーバードスピード#
6011,8012,3,8009,5,8010,5,8011,5,0,0,0,0,0,100000//HFLI_SBR44#S.B.R.44#

6012,8013,5,0,0,0,0,0,0,0,0,0,0,0,0//HVAN_CAPRICE#カプリス#
6012,8014,5,8013,3,0,0,0,0,0,0,0,0,0,0//HVAN_CHAOTIC#カオティックベネディクション#
6012,8015,5,8013,5,0,0,0,0,0,0,0,0,0,0//HVAN_INSTRUCT#チェンジインストラクション#
6012,8016,3,8013,5,8014,5,8015,5,0,0,0,0,0,100000//HVAN_EXPLOSION#バイオエクスプロージョン#

6013,8001,5,0,0,0,0,0,0,0,0,0,0,0,0//HLIF_HEAL#治癒の手助け(ヒール)#
6013,8002,5,8001,3,0,0,0,0,0,0,0,0,0,0//HLIF_AVOID#緊急回避#
6013,8003,5,8001,5,0,0,0,0,0,0,0,0,0,0//HLIF_BRAIN#脳手術#
6013,8004,3,8001,5,8002,5,8003,5,0,0,0,0,0,100000//HLIF_CHANGE#メンタルチェンジ#

6014,8005,5,0,0,0,0,0,0,0,0,0,0,0,0//HAMI_CASTLE#キャストリング#
6014,8006,5,8005,5,0,0,0,0,0,0,0,0,0,0//HAMI_DEFENCE#ディフェンス#
6014,8007,5,8006,3,0,0,0,0,0,0,0,0,0,0//HAMI_SKIN#アダマンティウムスキン#
6014,8008,3,8005,5,8006,5,8007,5,0,0,0,0,0,100000//HAMI_BLOODLUST#ブラッドラスト#

6015,8009,5,0,0,0,0,0,0,0,0,0,0,0,0//HFLI_MOON#ムーンライト#
6015,8010,5,8009,3,0,0,0,0,0,0,0,0,0,0//HFLI_FLEET#フリートムーブ#
6015,8011,5,8010,3,0,0,0,0,0,0,0,0,0,0//HFLI_SPEED#オーバードスピード#
6015,8012,3,8009,5,8010,5,8011,5,0,0,0,0,0,100000//HFLI_SBR44#S.B.R.44#

6016,8013,5,0,0,0,0,0,0,0,0,0,0,0,0//HVAN_CAPRICE#カプリス#
6016,8014,5,8013,3,0,0,0,0,0,0,0,0,0,0//HVAN_CHAOTIC#カオティックベネディクション#
6016,8015,5,8013,5,0,0,0,0,0,0,0,0,0,0//HVAN_INSTRUCT#チェンジインストラクション#
6016,8016,3,8013,5,8014,5,8015,5,0,0,0,0,0,100000//HVAN_EXPLOSION#バイオエクスプロージョン#

6048,8022,5,0,0,0,0,0,0,0,0,0,0,128,0//MH_LIGHT_OF_REGENE#再生の光#
6048,8023,5,0,0,0,0,0,0,0,0,0,0,114,0//MH_OVERED_BOOST#オーバードブースト#
6048,8024,5,0,0,0,0,0,0,0,0,0,0,106,0//MH_ERASER_CUTTER#イレイサーカッター#
6048,8025,5,0,0,0,0,0,0,0,0,0,0,121,0//MH_XENO_SLASHER#ゼノスラッシャー#
6048,8026,5,0,0,0,0,0,0,0,0,0,0,137,0//MH_SILENT_BREEZE#サイレントブリーズ#

6049,8031,5,0,0,0,0,0,0,0,0,0,0,105,0//MH_STAHL_HORN#シュタールホーン#
6049,8032,5,0,0,0,0,0,0,0,0,0,0,112,0//MH_GOLDENE_FERSE#ゴールデンペルジェ#
6049,8033,5,0,0,0,0,0,0,0,0,0,0,121,0//MH_STEINWAND#シュタインワンド#
6049,8034,5,0,0,0,0,0,0,0,0,0,0,138,0//MH_HEILIGE_STANGE#ハイリエージュスタンジェ#
6049,8035,5,0,0,0,0,0,0,0,0,0,0,130,0//MH_ANGRIFFS_MODUS#アングリフスモドス#

6050,8018,5,0,0,0,0,0,0,0,0,0,0,132,0//MH_SUMMON_LEGION#サモンレギオン#
6050,8019,5,0,0,0,0,0,0,0,0,0,0,105,0//MH_NEEDLE_OF_PARALYZE#ニードルオブパラライズ#
6050,8020,5,0,0,0,0,0,0,0,0,0,0,116,0//MH_POISON_MIST#ポイズンミスト#
6050,8021,5,0,0,0,0,0,0,0,0,0,0,123,0//MH_PAIN_KILLER#ペインキラー#

6051,8039,5,0,0,0,0,0,0,0,0,0,0,122,0//MH_MAGMA_FLOW#マグマフロー#
6051,8040,5,0,0,0,0,0,0,0,0,0,0,116,0//MH_GRANITIC_ARMOR#グラニティックアーマー#
6051,8041,5,0,0,0,0,0,0,0,0,0,0,109,0//MH_LAVA_SLIDE#ラーヴァスライド#
6051,8042,5,0,0,0,0,0,0,0,0,0,0,131,0//MH_PYROCLASTIC#パイロクラスティック#
6051,8043,5,0,0,0,0,0,0,0,0,0,0,102,0//MH_VOLCANIC_ASH#ボルカニックアッシュ#

6052,8027,1,0,0,0,0,0,0,0,0,0,0,100,0//MH_STYLE_CHANGE#スタイルチェンジ#
6052,8028,5,0,0,0,0,0,0,0,0,0,0,100,0//MH_SONIC_CLAW#ソニッククロー#
6052,8029,5,0,0,0,0,0,0,0,0,0,0,114,0//MH_SILVERVEIN_RUSH#シルバーベインラッシュ#
6052,8030,5,0,0,0,0,0,0,0,0,0,0,128,0//MH_MIDNIGHT_FRENZY#ミッドナイトフレンジ#
6052,8036,5,0,0,0,0,0,0,0,0,0,0,100,0//MH_TINDER_BREAKER#ティンダーブレイカー#
6052,8037,5,0,0,0,0,0,0,0,0,0,0,112,0//MH_CBC#C.B.C#
6052,8038,5,0,0,0,0,0,0,0,0,0,0,133,0//MH_EQC#E.Q.C#
