// ID,Upper,Zone,Dropable,Storageable,Cartable,Delay,Buyingable

506,0,16,0,0,0,0,1	//緑ポーション
507,0,0,0,0,0,0,1	//赤ハーブ
508,0,0,0,0,0,0,1	//黄ハーブ
509,0,0,0,0,0,0,1	//白ハーブ
510,0,0,0,0,0,0,1	//青ハーブ
511,0,0,0,0,0,0,1	//緑ハーブ
512,0,0,0,0,0,0,1	//リンゴ
513,0,0,0,0,0,0,1	//バナナ
514,0,0,0,0,0,0,1	//ブドウ
515,0,0,0,0,0,0,1	//ニンジン
516,0,0,0,0,0,0,1	//いも
517,0,0,0,0,0,0,1	//にく
518,0,0,0,0,0,0,1	//ハチ蜜
519,0,0,0,0,0,0,1	//ミルク
520,0,0,0,0,0,0,1	//ヒナレの葉
521,0,0,0,0,0,0,1	//アロエの葉
522,0,0,0,0,0,0,1	//マステラの実
523,0,0,0,0,0,0,1	//聖水
525,0,16,0,0,0,0,1	//万能薬
526,0,0,0,0,0,0,1	//ローヤルゼリー
528,0,0,0,0,0,0,1	//化け物のエサ
529,0,0,0,0,0,0,1	//キャンディ
530,0,0,0,0,0,0,1	//スティックキャンディ
531,0,0,0,0,0,0,1	//リンゴジュース
532,0,0,0,0,0,0,1	//バナナジュース
533,0,0,0,0,0,0,1	//ブドウジュース
534,0,0,0,0,0,0,1	//ニンジンジュース
535,0,0,0,0,0,0,1	//カボチャ
536,0,0,0,0,0,0,1	//アイスクリーム
537,0,0,0,0,0,0,1	//ペットフード
538,0,0,0,0,0,0,1	//よく焼いたクッキー
539,0,0,0,0,0,0,1	//ひとくちケーキ
544,0,0,0,0,0,0,1	//おさしみ
548,0,0,0,0,0,0,1	//チーズ
549,0,0,0,0,0,0,1	//おいしい焼きいも
550,0,0,0,0,0,0,1	//お米のお菓子
551,0,0,0,0,0,0,1	//お寿司
553,0,0,0,0,0,0,1	//小包子
564,0,0,0,0,0,0,1	//おにぎり
566,0,0,0,0,0,0,1	//トムヤンクン
567,0,0,0,0,0,0,1	//エビ
568,0,0,0,0,0,0,1	//レモン
569,0,0,0,0,0,0,1	//初心者用ポーション
570,0,0,0,0,0,0,1	//幸運のキャンディ
571,0,0,0,0,0,0,1	//幸運のスティックキャンディ
572,0,0,0,0,0,0,1	//幸運のクッキー
574,0,0,0,0,0,0,1	//卵
576,0,0,0,0,0,0,1	//トゲの実
577,0,0,0,0,0,0,1	//穀物
578,0,0,0,0,0,0,1	//イチゴ
579,0,0,0,0,0,0,1	//おいしい魚
580,0,0,0,0,0,0,1	//パン
581,0,0,0,0,0,0,1	//食用キノコ
582,0,0,0,0,0,0,1	//オレンジ
584,0,0,0,0,0,0,1	//おでん
587,0,0,0,0,0,0,1	//赤いトゲの実
591,0,0,0,0,0,0,1	//キャビアパンケーキ
592,0,0,0,0,0,0,1	//ジャムパンケーキ
593,0,0,0,0,0,0,1	//ハニーパンケーキ
594,0,0,0,0,0,0,1	//クリームパンケーキ
595,0,0,0,0,0,0,1	//マッシュルームパンケーキ
601,0,44,0,0,0,0,1	//ハエの羽
602,0,64,0,0,0,0,1	//蝶の羽
603,0,0,0,0,0,0,1	//古く青い箱
604,0,132,0,0,0,0,1	//古木の枝
605,0,4,0,0,0,0,1	//アンティペインメント
606,0,0,0,0,0,0,1	//アロエベラ
607,0,0,0,0,0,0,1	//イグドラシルの実
608,0,0,0,0,0,0,1	//イグドラシルの種
609,0,0,0,0,0,0,1	//返魂のお札
610,0,0,0,0,0,0,1	//イグドラシルの葉
611,0,0,0,0,0,0,1	//拡大鏡
612,0,0,0,0,0,0,1	//携帯用溶鉱炉
613,0,0,0,0,0,0,1	//鋼鉄の金槌
614,0,0,0,0,0,0,1	//黄金の金槌
615,0,0,0,0,0,0,1	//オリデオコンの金槌
616,0,0,0,0,0,0,1	//古いカード帖
617,0,0,0,0,0,0,1	//古い紫色の箱
618,0,0,0,0,0,0,1	//古い巻物
619,0,0,0,0,0,0,1	//まだ熟してないリンゴ
620,0,0,0,0,0,0,1	//オレンジジュース
621,0,0,0,0,0,0,1	//とても苦い草
622,0,0,0,0,0,0,1	//虹色ニンジン
623,0,0,0,0,0,0,1	//ハンサムな青年ミミズ
624,0,0,0,0,0,0,1	//腐った魚
625,0,0,0,0,0,0,1	//錆びた鉄
626,0,0,0,0,0,0,1	//モンスタージュース
627,0,0,0,0,0,0,1	//甘い牛乳
628,0,0,0,0,0,0,1	//よく乾いてるホネ
629,0,0,0,0,0,0,1	//歌う花
630,0,0,0,0,0,0,1	//朝の露が宿っている苔
631,0,0,0,0,0,0,1	//猛毒草
632,0,0,0,0,0,0,1	//太っているミミズ
633,0,0,0,0,0,0,1	//焼きいも
634,0,0,0,0,0,0,1	//熱帯のバナナ
635,0,0,0,0,0,0,1	//組織の掟
636,0,0,0,0,0,0,1	//宛てがない手紙
637,0,0,0,0,0,0,1	//古いホウキ
638,0,0,0,0,0,0,1	//純潔の小太刀
639,0,0,0,0,0,0,1	//服従の腕輪
640,0,0,0,0,0,0,1	//光ってる石
641,0,0,0,0,0,0,1	//闇の契約書
642,0,0,0,0,0,0,1	//悪魔召喚書
643,0,0,0,0,0,0,1	//携帯卵孵化機
644,0,0,0,0,0,0,1	//プレゼントボックス
645,0,0,0,0,0,0,1	//スピードアップポーション
656,0,0,0,0,0,0,1	//ハイスピードポーション
657,0,0,0,0,0,0,1	//バーサークポーション
658,0,0,0,0,0,0,1	//組織の団結力
659,0,0,0,0,0,0,1	//彼女の想い
660,0,0,0,0,0,0,1	//赤いろうそく
661,0,0,0,0,0,0,1	//高級エプロン
662,0,0,0,0,0,0,1	//馬牌
663,0,0,0,0,0,0,1	//中秋の餠
664,0,0,0,0,0,0,1	//プレゼントボックス（赤）
665,0,0,0,0,0,0,1	//プレゼントボックス（黄）
666,0,0,0,0,0,0,1	//プレゼントボックス（青）
667,0,0,0,0,0,0,1	//プレゼントボックス（緑）
668,0,0,0,0,0,0,1	//お年玉
669,0,0,0,0,0,0,1	//お雑煮
678,0,0,0,0,0,0,1	//毒薬の瓶
679,0,0,0,0,0,0,1	//神仙丹
681,0,0,0,0,0,0,1	//新婚時代の思い出
682,0,0,0,0,0,0,1	//神酒
683,0,0,0,0,0,0,1	//神秘の草
684,0,0,0,0,0,0,1	//ドリアン
686,0,0,0,0,0,0,1	//アーススパイクLv3
687,0,0,0,0,0,0,1	//アーススパイクLv5
688,0,0,0,0,0,0,1	//コールドボルトLv3
689,0,0,0,0,0,0,1	//コールドボルトLv5
690,0,0,0,0,0,0,1	//ファイアーボルトLv3
691,0,0,0,0,0,0,1	//ファイアーボルトLv5
692,0,0,0,0,0,0,1	//ライトニングボルトLv3
693,0,0,0,0,0,0,1	//ライトニングボルトLv5
694,0,0,0,0,0,0,1	//ソウルストライクLv3
695,0,0,0,0,0,0,1	//ソウルストライクLv5
696,0,0,0,0,0,0,1	//ファイアーボールLv1
697,0,0,0,0,0,0,1	//ファイアーボールLv5
698,0,0,0,0,0,0,1	//ファイアーウォールLv1
699,0,0,0,0,0,0,1	//ファイアーウォールLv5
700,0,0,0,0,0,0,1	//フロストダイバーLv1
701,0,0,0,0,0,0,1	//オラオラ
702,0,0,0,0,0,0,1	//家畜の血
703,0,0,0,0,0,0,1	//ヒナレ
704,0,0,0,0,0,0,1	//アロエ
705,0,0,0,0,0,0,1	//クローバー
706,0,0,0,0,0,0,1	//四葉のクローバー
707,0,0,0,0,0,0,1	//歌う草
708,0,0,0,0,0,0,1	//メント
709,0,0,0,0,0,0,1	//イジドル
710,0,0,0,0,0,0,1	//幻想の花
711,0,0,0,0,0,0,1	//若芽
712,0,0,0,0,0,0,1	//花
713,0,0,0,0,0,0,1	//空きビン
715,0,0,0,0,0,0,1	//イエロージェムストーン
716,0,0,0,0,0,0,1	//レッドジェムストーン
717,0,0,0,0,0,0,1	//ブルージェムストーン
718,0,0,0,0,0,0,1	//ガーネット
719,0,0,0,0,0,0,1	//アメジスト
720,0,0,0,0,0,0,1	//アクアマリン
721,0,0,0,0,0,0,1	//エメラルド
722,0,0,0,0,0,0,1	//真珠
723,0,0,0,0,0,0,1	//ルビー
724,0,0,0,0,0,0,1	//呪われたルビー
725,0,0,0,0,0,0,1	//サードオニキス
726,0,0,0,0,0,0,1	//サファイア
727,0,0,0,0,0,0,1	//オパール
728,0,0,0,0,0,0,1	//トパーズ
729,0,0,0,0,0,0,1	//ジルコン
730,0,0,0,0,0,0,1	//ダイヤモンド１カラット
731,0,0,0,0,0,0,1	//ダイヤモンド２カラット
732,0,0,0,0,0,0,1	//ダイヤモンド３カラット
733,0,0,0,0,0,0,1	//損傷したダイヤモンド
734,0,0,0,0,0,0,1	//赤い額縁
735,0,0,0,0,0,0,1	//青い陶磁器
736,0,0,0,0,0,0,1	//白い皿
737,0,0,0,0,0,0,1	//黒い杓子
738,0,0,0,0,0,0,1	//鉛筆立て
739,0,0,0,0,0,0,1	//化粧品
740,0,0,0,0,0,0,1	//ぬいぐるみ
741,0,0,0,0,0,0,1	//ポリン人形
742,0,0,0,0,0,0,1	//チョンチョン人形
743,0,0,0,0,0,0,1	//スポア人形
744,0,0,0,0,0,0,1	//花たば
745,0,0,0,0,0,0,1	//ブーケ
746,0,0,0,0,0,0,1	//ガラス玉
747,0,0,0,0,0,0,1	//水晶鏡
748,0,0,0,0,0,0,1	//しおれないバラ
749,0,0,0,0,0,0,1	//氷バラ
750,0,0,0,0,0,0,1	//バフォメット人形
751,0,0,0,0,0,0,1	//オシリス人形
752,0,0,0,0,0,0,1	//バッタ人形
753,0,0,0,0,0,0,1	//サル人形
754,0,0,0,0,0,0,1	//タヌキ人形
756,0,0,0,0,0,0,1	//オリデオコン原石
757,0,0,0,0,0,0,1	//エルニウム原石
901,0,0,0,0,0,0,1	//ピッグテールリボン
902,0,0,0,0,0,0,1	//木の根
903,0,0,0,0,0,0,1	//爬虫類の舌
904,0,0,0,0,0,0,1	//サソリの尻尾
905,0,0,0,0,0,0,1	//植物の茎
906,0,0,0,0,0,0,1	//鱗の茎
907,0,0,0,0,0,0,1	//古木の露
908,0,0,0,0,0,0,1	//かえるの卵
909,0,0,0,0,0,0,1	//ゼロピー
910,0,0,0,0,0,0,1	//ガレット
911,0,0,0,0,0,0,1	//セルー
912,0,0,0,0,0,0,1	//ジャルゴン
913,0,0,0,0,0,0,1	//こうもりの牙
914,0,0,0,0,0,0,1	//綿毛
915,0,0,0,0,0,0,1	//さなぎの皮
916,0,0,0,0,0,0,1	//鳥の羽毛
917,0,0,0,0,0,0,1	//鳥のつめ
918,0,0,0,0,0,0,1	//べとべと水かき
919,0,0,0,0,0,0,1	//獣の皮
920,0,0,0,0,0,0,1	//狼の爪
921,0,0,0,0,0,0,1	//きのこの胞子
922,0,0,0,0,0,0,1	//オークの牙
923,0,0,0,0,0,0,1	//悪魔の角
924,0,0,0,0,0,0,1	//蝶の鱗粉
925,0,0,0,0,0,0,1	//鳥のくちばし
926,0,0,0,0,0,0,1	//蛇の鱗
928,0,0,0,0,0,0,1	//虫の觸角
929,0,0,0,0,0,0,1	//止まらない心臓
930,0,0,0,0,0,0,1	//くさった包帯
931,0,0,0,0,0,0,1	//オーク戦士の証
932,0,0,0,0,0,0,1	//スケルボーン
934,0,0,0,0,0,0,1	//死者の遺品
935,0,0,0,0,0,0,1	//かたい皮
936,0,0,0,0,0,0,1	//鱗のかけら
937,0,0,0,0,0,0,1	//毒の牙
938,0,0,0,0,0,0,1	//べとべとする液体
939,0,0,0,0,0,0,1	//ハチの針
940,0,0,0,0,0,0,1	//バッタの足
941,0,0,0,0,0,0,1	//鼻輪
942,0,0,0,0,0,0,1	//サルのしっぽ
943,0,0,0,0,0,0,1	//けっこうかたい皮
944,0,0,0,0,0,0,1	//馬のひづめ
945,0,0,0,0,0,0,1	//タヌキ木の葉
946,0,0,0,0,0,0,1	//カタシムリの皮
947,0,0,0,0,0,0,1	//硬い角
948,0,0,0,0,0,0,1	//くまの足の裏
949,0,0,0,0,0,0,1	//やわらかな毛
950,0,0,0,0,0,0,1	//人魚の心臓
951,0,0,0,0,0,0,1	//背びれ
952,0,0,0,0,0,0,1	//サボテンの針
953,0,0,0,0,0,0,1	//岩の心臓
954,0,0,0,0,0,0,1	//輝く鱗
955,0,0,0,0,0,0,1	//蟲の皮
956,0,0,0,0,0,0,1	//トゲがついているエラ
957,0,0,0,0,0,0,1	//亡者の爪
958,0,0,0,0,0,0,1	//亡者の牙
959,0,0,0,0,0,0,1	//くさった鱗
960,0,0,0,0,0,0,1	//かにニッパ
961,0,0,0,0,0,0,1	//貝
962,0,0,0,0,0,0,1	//触手
963,0,0,0,0,0,0,1	//鋭い鱗
964,0,0,0,0,0,0,1	//かにのこうら
965,0,0,0,0,0,0,1	//貝殻
966,0,0,0,0,0,0,1	//貝のむきみ
967,0,0,0,0,0,0,1	//亀のこうら
968,0,0,0,0,0,0,1	//オーク勇者の証
969,0,0,0,0,0,0,1	//黄金
971,0,0,0,0,0,0,1	//ディトリミン
972,0,0,0,0,0,0,1	//カルボーディル
973,0,0,0,0,0,0,1	//中和剤
974,0,0,0,0,0,0,1	//混合剤
975,0,0,0,0,0,0,1	//赤色の染料
976,0,0,0,0,0,0,1	//黄色の染料
978,0,0,0,0,0,0,1	//青色の染料
979,0,0,0,0,0,0,1	//緑色の染料
980,0,0,0,0,0,0,1	//紅色の染料
981,0,0,0,0,0,0,1	//紫色の染料
982,0,0,0,0,0,0,1	//白色の染料
983,0,0,0,0,0,0,1	//黒色の染料
984,0,0,0,0,0,0,1	//オリデオコン
985,0,0,0,0,0,0,1	//エルニウム
986,0,0,0,0,0,0,1	//金敷
987,0,0,0,0,0,0,1	//オリデオコンの金敷
988,0,0,0,0,0,0,1	//黄金の金敷
989,0,0,0,0,0,0,1	//エンペリウムの金敷
990,0,0,0,0,0,0,1	//レッドブラッド
991,0,0,0,0,0,0,1	//クリスタルブルー
992,0,0,0,0,0,0,1	//ウィンドオブヴェルデュール
993,0,0,0,0,0,0,1	//イエローライブ
994,0,0,0,0,0,0,1	//フレイムハート
995,0,0,0,0,0,0,1	//ミスティックフローズン
996,0,0,0,0,0,0,1	//ラフウィンド
997,0,0,0,0,0,0,1	//グレイトネイチャ
998,0,0,0,0,0,0,1	//鉄
999,0,0,0,0,0,0,1	//鋼鉄
1000,0,0,0,0,0,0,1	//星のかけら
1001,0,0,0,0,0,0,1	//星の粉
1002,0,0,0,0,0,0,1	//鉄鉱石
1003,0,0,0,0,0,0,1	//石炭
1004,0,0,0,0,0,0,1	//忠節の証
1005,0,0,0,0,0,0,1	//鍛冶屋の金槌
1006,0,0,0,0,0,0,1	//古い魔法書
1007,0,0,0,0,0,0,1	//慧眼
1008,0,0,0,0,0,0,1	//非情な心
1009,0,0,0,0,0,0,1	//聖痕
1010,0,0,0,0,0,0,1	//プラコン
1011,0,0,0,0,0,0,1	//エンベルタコン
1012,0,0,0,0,0,0,1	//トカゲの襟巻
1013,0,0,0,0,0,0,1	//華麗な蟲の皮
1014,0,0,0,0,0,0,1	//蟻の顎
1015,0,0,0,0,0,0,1	//長く細い舌
1016,0,0,0,0,0,0,1	//ねずみの尻尾
1017,0,0,0,0,0,0,1	//土竜のひげ
1018,0,0,0,0,0,0,1	//土竜の爪
1019,0,0,0,0,0,0,1	//木屑
1020,0,0,0,0,0,0,1	//長い髪
1021,0,0,0,0,0,0,1	//ドケビの角
1022,0,0,0,0,0,0,1	//狐の尻尾
1023,0,0,0,0,0,0,1	//魚の尻尾
1024,0,0,0,0,0,0,1	//墨汁
1025,0,0,0,0,0,0,1	//くもの糸
1026,0,0,0,0,0,0,1	//どんぐり
1027,0,0,0,0,0,0,1	//ハリネズミの針
1028,0,0,0,0,0,0,1	//いのししのたてがみ
1029,0,0,0,0,0,0,1	//虎の革
1030,0,0,0,0,0,0,1	//虎の足裏
1031,0,0,0,0,0,0,1	//かまきりの手
1032,0,0,0,0,0,0,1	//食人植物の花
1033,0,0,0,0,0,0,1	//食人植物の根
1034,0,0,0,0,0,0,1	//コボルドの毛
1035,0,0,0,0,0,0,1	//ドラゴンの牙
1036,0,0,0,0,0,0,1	//ドラゴンの鱗
1037,0,0,0,0,0,0,1	//ドラゴンの尻尾
1038,0,0,0,0,0,0,1	//子悪魔の角
1039,0,0,0,0,0,0,1	//子悪魔の翼
1040,0,0,0,0,0,0,1	//年寄り妖精のひげ
1041,0,0,0,0,0,0,1	//ランタン
1042,0,0,0,0,0,0,1	//短い足
1043,0,0,0,0,0,0,1	//オークの爪
1044,0,0,0,0,0,0,1	//ゼノークの歯
1045,0,0,0,0,0,0,1	//神官の仮面
1046,0,0,0,0,0,0,1	//サソリのはさみ
1047,0,0,0,0,0,0,1	//メデューサの頭
1048,0,0,0,0,0,0,1	//蛇模様の髪
1049,0,0,0,0,0,0,1	//乙女の着物
1050,0,0,0,0,0,0,1	//血管
1051,0,0,0,0,0,0,1	//雷管
1052,0,0,0,0,0,0,1	//単細胞
1053,0,0,0,0,0,0,1	//古代魚の歯
1054,0,0,0,0,0,0,1	//古代魚の唇
1055,0,0,0,0,0,0,1	//ミミズの皮
1056,0,0,0,0,0,0,1	//砂のかけら
1057,0,0,0,0,0,0,1	//蛾の羽粉
1058,0,0,0,0,0,0,1	//蛾の羽
1059,0,0,0,0,0,0,1	//透明な布
1060,0,0,0,0,0,0,1	//金色の髪
1061,0,0,0,0,0,0,1	//魔女の星の砂
1062,0,0,0,0,0,0,1	//カボチャの頭
1063,0,0,0,0,0,0,1	//鋭い牙
1064,0,0,0,0,0,0,1	//馬の手綱
1065,0,0,0,0,0,0,1	//設置用トラップ
1066,0,0,0,0,0,0,1	//きめの細かい木屑
1067,0,0,0,0,0,0,1	//硬い木屑
1068,0,0,0,0,0,0,1	//乾いた木屑
1088,0,0,0,0,0,0,1	//モロク水溶液
1089,0,0,0,0,0,0,1	//フェイヨン水溶液
1092,0,0,0,0,0,0,1	//空の試験管
1093,0,0,0,0,0,0,1	//空のポーション瓶
1094,0,0,0,0,0,0,1	//短いピッグテールリボン
1095,0,0,0,0,0,0,1	//時計の針
1096,0,0,0,0,0,0,1	//丸形の皮
1097,0,0,0,0,0,0,1	//古い本のページ
1098,0,0,0,0,0,0,1	//手錠
1099,0,0,0,0,0,0,1	//ボロボロ囚人服
1173,0,0,1,1,1,0,0	//村正R
1174,0,0,1,1,1,0,0	//エクスキューショナーR
1175,2,0,0,0,0,0,0	//アトロスの凶器
1176,2,0,0,0,0,0,0	//クルーエルソード
1181,2,0,0,0,0,0,0	//テグリョン
1182,2,0,0,0,0,0,0	//ブラッディイート
1185,2,0,0,0,0,0,0	//バイオレットフィアー
1267,0,0,1,1,1,0,0	//裏切り者R
1268,2,0,0,0,0,0,0	//野獣の爪
1269,2,0,0,0,0,0,0	//インバーススケイル
1270,2,0,0,0,0,0,0	//ドリルカタール
1271,2,0,0,0,0,0,0	//ブラッディティアーズ
1372,0,0,1,1,1,0,0	//ライトエプシロンR
1373,0,0,1,1,1,0,0	//ブラッドアックスR
1374,0,0,1,1,1,0,0	//トマホークR
1375,2,0,0,0,0,0,0	//バルディッシュ
1376,2,0,0,0,0,0,0	//ハートブレイカー
1377,2,0,0,0,0,0,0	//ハリケーンフューリー
1419,0,0,1,1,1,0,0	//ポールアクスR
1420,2,0,0,0,0,0,0	//ロングホーン
1421,2,0,0,0,0,0,0	//バトルフック
1422,2,0,0,0,0,0,0	//ハンティングスピア
1534,0,0,1,1,1,0,0	//スパナR
1544,2,0,0,0,0,0,0	//ルナカリート
1563,0,0,1,1,1,0,0	//賢者の日記R
1623,0,0,1,1,1,0,0	//マイトスタッフR
1624,2,0,0,0,0,0,0	//スタッフオブカーシング
1626,2,0,0,0,0,0,0	//スタッフオブピアーシング
1636,2,0,0,0,0,0,0	//闇の茨杖
1736,2,0,0,0,0,0,0	//ダブルバウンド
1728,0,0,1,1,1,0,0	//バリスタR
1729,0,0,1,1,1,0,0	//ルドラの弓R
1737,2,0,0,0,0,0,0	//イクシオンの羽
1741,2,0,0,0,0,0,0	//カースドライアー
1817,0,0,1,1,1,0,0	//カイザーナックルR
1919,2,0,0,0,0,0,0	//ベースギター
1920,2,0,0,0,0,0,0	//憑神のギター
1972,2,0,0,0,0,0,0	//電気ウナギ
1973,2,0,0,0,0,0,0	//海の魔女の足
1974,2,0,0,0,0,0,0	//ニンジンの鞭
2000,2,0,0,0,0,0,0	//スタッフオブディストラクション
2122,2,0,0,0,0,0,0	//プラチナシールド
2123,2,0,0,0,0,0,0	//オルレアンサーバー
2124,2,0,0,0,0,0,0	//ソーンシールド
2125,2,0,0,0,0,0,0	//ストロングシールド
2131,2,0,0,0,0,0,0	//魔力の書第1巻
2357,2,0,0,0,0,0,0	//ヴァルキリーアーマー
2364,2,0,0,0,0,0,0	//メテオプレート
2365,2,0,0,0,0,0,0	//オルレアンの制服
2366,2,0,0,0,0,0,0	//ディバインローブ
2367,2,0,0,0,0,0,0	//スナイピングスーツ
2374,2,0,0,0,0,0,0	//ディアボロスローブ
2375,2,0,0,0,0,0,0	//ディアボロスアーマー
2421,2,0,0,0,0,0,0	//ヴァルキリーシューズ
2423,2,0,0,0,0,0,0	//バリアントシューズ
2424,2,0,0,0,0,0,0	//タイダルシューズ
2425,2,0,0,0,0,0,0	//黒革のブーツ
2426,2,0,0,0,0,0,0	//シャドウウォーカー
2433,2,0,0,0,0,0,0	//ディアボロスブーツ
2434,2,0,0,0,0,0,0	//黒革のブーツ
2524,2,0,0,0,0,0,0	//ヴァルキリーマント
2527,2,0,0,0,0,0,0	//ドラゴンブレス
2528,2,0,0,0,0,0,0	//ウールスカーフ
2529,2,0,0,0,0,0,0	//ライダーバッジ
2530,2,0,0,0,0,0,0	//ライダーバッジ
2531,2,0,0,0,0,0,0	//ウルフヘジン
2532,2,0,0,0,0,0,0	//ミスリルマジックマント
2537,2,0,0,0,0,0,0	//ディアボロスマント
2542,2,0,0,0,0,0,0	//ナハトズィーガーの焔のマント
2634,0,0,1,1,1,0,0	//結婚指輪
2635,0,0,1,1,1,0,0	//結婚指輪
2659,2,0,0,0,0,0,0	//ヴェスパーコア1
2660,2,0,0,0,0,0,0	//ヴェスパーコア2
2661,2,0,0,0,0,0,0	//ヴェスパーコア3
2662,2,0,0,0,0,0,0	//ヴェスパーコア4
2644,0,0,1,0,1,0,0	//The Sign
2573,2,0,0,0,0,0,0	//大天使の羽
2678,2,0,0,0,0,0,0	//リングオブフレイムロード
2679,2,0,0,0,0,0,0	//リングオブレゾナンス
2686,0,0,1,1,1,0,0	//妖精の耳R
2687,0,0,1,1,1,0,0	//鋼鉄の花びらR
2688,0,0,1,1,1,0,0	//クリティカルリングR
2689,0,0,1,1,1,0,0	//イヤリングR
2690,0,0,1,1,1,0,0	//リングR
2691,0,0,1,1,1,0,0	//ネックレスR
2692,0,0,1,1,1,0,0	//グローブR
2693,0,0,1,1,1,0,0	//ブローチR
2694,0,0,1,1,1,0,0	//ロザリオR
2695,0,0,1,1,1,0,0	//セイフティリングR
2696,0,0,1,1,1,0,0	//ヴェスパーコア01R
2697,0,0,1,1,1,0,0	//ヴェスパーコア02R
2698,0,0,1,1,1,0,0	//ヴェスパーコア03R
2699,0,0,1,1,1,0,0	//ヴェスパーコア04R
2700,2,0,0,0,0,0,0	//封印の赤い絹
2701,2,0,0,0,0,0,0	//オルレアンの手袋
2702,2,0,0,0,0,0,0	//野牛の角
2703,2,0,0,0,0,0,0	//エキスパートリング
2726,2,0,0,0,0,0,0	//イカロスの羽
2727,2,0,0,0,0,0,0	//名射手のスカーフ
2729,2,0,0,0,0,0,0	//ディアボロスリング
2730,0,0,1,0,1,0,0	//コンチネンタルガードの印章
2731,0,0,1,0,1,0,0	//ルーン文字の呪文石
2732,0,0,1,0,1,0,0	//死のブローチ
5171,2,0,0,0,0,0,0	//ヴァルキリーヘルム
5265,0,0,1,1,1,0,0	//名射手のりんごR
5266,0,0,1,1,1,0,0	//ウサギのヘアバンドR
5267,0,0,1,1,1,0,0	//笠R
5268,0,0,1,1,1,0,0	//ロードサークレットR
5279,0,0,1,1,1,0,0	//たれ猫R
5280,0,0,1,1,1,0,0	//マジェスティックゴートR
5281,0,0,1,1,1,0,0	//子悪魔帽R
5808,2,0,0,0,0,0,0	//ダークバジリウム
6001,0,0,0,0,0,0,1	//火の精髄
6002,0,0,0,0,0,0,1	//使徒の証
6003,0,0,0,0,0,0,1	//魂のペンダント
6004,0,0,0,0,0,0,1	//呪われたバフォメット人形
6008,0,0,0,0,0,0,1	//木材
6010,0,0,0,0,0,0,1	//つるはし
6020,0,0,0,0,0,0,1	//銀の毛皮
6021,0,0,0,0,0,0,1	//三角帽子
6022,0,0,0,0,0,0,1	//ゴツゴツした皮
6023,0,0,0,0,0,0,1	//魔力の角
6032,0,0,0,0,0,0,1	//ヒルスリオンの角
6033,0,0,0,0,0,0,1	//テンドリルリオンの角
6073,0,0,0,0,0,0,1	//竜のたてがみ
6075,0,0,0,0,0,0,1	//涙の結晶
6086,0,0,0,0,0,0,1	//枯れた花
6087,0,0,0,0,0,0,1	//精霊の青い結晶
6088,0,0,0,0,0,0,1	//精霊の赤い結晶
6089,0,0,0,0,0,0,1	//暗闇の破片
6090,0,0,0,0,0,0,1	//ブラディウム
6091,0,0,0,0,0,0,1	//鮮血の鱗
6095,0,0,0,0,0,0,1	//香酒
6096,0,0,0,0,0,0,1	//青魚
6097,0,0,0,0,0,0,1	//甘いカボチャパイ
6098,0,0,0,0,0,0,1	//小さい雪の花
6099,0,0,0,0,0,0,1	//焼き餅
6100,0,0,0,0,0,0,1	//陰湿な闇
6104,0,0,0,0,0,0,1	//でっかいセルー
6105,0,0,0,0,0,0,1	//朝露
6106,0,0,0,0,0,0,1	//よく熟れたイチゴ
6107,0,0,0,0,0,0,1	//サンセット・オン・ザ・ロック
6108,0,0,0,0,0,0,1	//リンゴプリン
6109,0,0,0,0,0,0,1	//植物栄養剤
6110,0,0,0,0,0,0,1	//生気に満ちた花
6111,0,0,0,0,0,0,1	//魔力の宿った石
6112,0,0,0,0,0,0,1	//新鮮なサラダ
6113,0,0,0,0,0,0,1	//生命力のある花
6114,0,0,0,0,0,0,1	//火のジェムストーン
6115,0,0,0,0,0,0,1	//子供饅頭
6120,0,0,0,0,0,0,1	//フェイスペイント
6123,0,0,0,0,0,0,1	//サーフェイスペイント
6128,0,0,0,0,0,0,1	//解毒剤
6144,0,0,0,0,0,0,1	//切ない涙
6145,0,0,0,0,0,0,1	//バルカンバレット
6146,0,0,0,0,0,0,1	//魔導ギア燃料
6147,0,0,0,0,0,0,1	//液体冷却弾
6186,0,0,0,0,0,0,1	//モンキースパナ
6189,0,0,0,0,0,0,1	//魔法書（ファイアーボルト）
6190,0,0,0,0,0,0,1	//魔法書（コールドボルト）
6191,0,0,0,0,0,0,1	//魔法書（ライトニングボルト）
6192,0,0,0,0,0,0,1	//魔法書（ストームガスト）
6193,0,0,0,0,0,0,1	//魔法書（ロードオブヴァーミリオン）
6194,0,0,0,0,0,0,1	//魔法書（メテオストーム）
6195,0,0,0,0,0,0,1	//魔法書（コメット）
6196,0,0,0,0,0,0,1	//魔法書（テトラボルテックス）
6197,0,0,0,0,0,0,1	//魔法書（サンダーストーム）
6198,0,0,0,0,0,0,1	//魔法書（ユピテルサンダー）
6199,0,0,0,0,0,0,1	//魔法書（ウォーターボール）
6200,0,0,0,0,0,0,1	//魔法書（ヘヴンズドライブ）
6201,0,0,0,0,0,0,1	//魔法書（アーススパイク）
6202,0,0,0,0,0,0,1	//魔法書（アースストレイン）
6203,0,0,0,0,0,0,1	//魔法書（チェーンライトニング）
6204,0,0,0,0,0,0,1	//魔法書（クリムゾンロック）
6205,0,0,0,0,0,0,1	//魔法書（ドレインライフ）
6210,0,0,0,0,0,0,1	//茨の種
6211,0,0,0,0,0,0,1	//吸血植物の種
6212,0,0,0,0,0,0,1	//爆弾キノコの胞子
6213,0,0,0,0,0,0,1	//黒色火薬
6214,0,0,0,0,0,0,1	//煙幕粉
6215,0,0,0,0,0,0,1	//催涙ガス
6216,0,0,0,0,0,0,1	//オイルボトル
6217,0,0,0,0,0,0,1	//マンドラゴラの鉢植え
6221,0,0,1,1,1,0,0	//捕獲済みヒドラボ
6223,0,0,0,0,0,0,1	//カルニウム
6224,0,0,0,0,0,0,1	//ブラディウム
6237,0,0,1,1,1,0,0	//ガラナの実
6244,0,0,0,0,0,0,1	//ガンパウダー
6245,0,0,0,0,0,0,1	//黒い粉
6246,0,0,0,0,0,0,1	//黄色い粉
6247,0,0,0,0,0,0,1	//白い粉
6248,0,0,0,0,0,0,1	//ごった煮の壺
6249,0,0,0,0,0,0,1	//サベージの肉
6250,0,0,0,0,0,0,1	//料理用鉄串
6251,0,0,0,0,0,0,1	//黒炭
6252,0,0,0,0,0,0,1	//狼の血
6253,0,0,0,0,0,0,1	//冷たい氷
6254,0,0,0,0,0,0,1	//牛カルビ
6255,0,0,0,0,0,0,1	//大きい鍋
6256,0,0,0,0,0,0,1	//氷の破片
6257,0,0,0,0,0,0,1	//氷の結晶
6258,0,0,0,0,0,0,1	//トロピカルフルーツ
6259,0,0,0,0,0,0,1	//ドロセラの触手
6260,0,0,0,0,0,0,1	//プティットの尻尾
6261,0,0,0,0,0,0,1	//素麺
6262,0,0,0,0,0,0,1	//冷たい出汁
6263,0,0,0,0,0,0,1	//ココナッツの実
6264,0,0,0,0,0,0,1	//メロン
6265,0,0,0,0,0,0,1	//パイナップル
6279,0,0,0,0,0,0,1	//リンゴ爆弾製造本
6280,0,0,0,0,0,0,1	//パイナップル爆弾製造本
6281,0,0,0,0,0,0,1	//ココナッツ爆弾製造本
6282,0,0,0,0,0,0,1	//メロン爆弾製造本
6283,0,0,0,0,0,0,1	//バナナ爆弾製造本
6284,0,0,0,0,0,0,1	//遺伝子組み換え植物栽培法
6285,0,0,0,0,0,0,1	//上級ポーション製造マニュアル
6297,0,0,0,0,0,0,1	//投擲用ビン
6321,0,0,0,0,0,0,1	//剛角兜
6322,0,0,0,0,0,0,1	//鹿角兜
6323,0,0,0,0,0,0,1	//双角
6324,0,0,0,0,0,0,1	//一角兜
6325,0,0,0,0,0,0,1	//白い蜘蛛の足
6326,0,0,0,0,0,0,1	//女王の羽の欠片
6360,0,0,0,0,0,0,1	//Scarlet_Pts
6361,0,0,0,0,0,0,1	//Indigo_Pts
6362,0,0,0,0,0,0,1	//Yellow_Wish_Pts
6363,0,0,0,0,0,0,1	//Lime_Green_Pts
6401,0,0,1,1,1,0,0	//ヤシの樹液
6402,0,0,1,1,1,0,0	//ヤシの実
7001,0,0,0,0,0,0,1	//カビの粉
7002,0,0,0,0,0,0,1	//オーガの牙
7003,0,0,0,0,0,0,1	//アノリアンの皮膚
7004,0,0,0,0,0,0,1	//ドロの塊
7005,0,0,0,0,0,0,1	//ドクロ
7006,0,0,0,0,0,0,1	//赤いコウモリの翼
7007,0,0,0,0,0,0,1	//おおネズミの爪
7008,0,0,0,0,0,0,1	//めちゃ硬い角
7009,0,0,0,0,0,0,1	//華麗な皮
7010,0,0,0,0,0,0,1	//鋼鉄のようなサソリの尻尾
7011,0,0,0,0,0,0,1	//猿の爪
7012,0,0,0,0,0,0,1	//堅い鱗の茎
7013,0,0,0,0,0,0,1	//サンゴ
7014,0,0,0,0,0,0,1	//古いポートレート
7015,0,0,0,0,0,0,1	//追憶のしおり
7016,0,0,0,0,0,0,1	//古いスプーン
7017,0,0,0,0,0,0,1	//執行人の手袋
7018,0,0,0,0,0,0,1	//小さい枝
7019,0,0,0,0,0,0,1	//ロキのささやき
7020,0,0,0,0,0,0,1	//母さんの悪夢
7021,0,0,0,0,0,0,1	//盲人の愚かさ
7022,0,0,0,0,0,0,1	//古い柄
7023,0,0,0,0,0,0,1	//闇に沈んだ刃
7024,0,0,0,0,0,0,1	//血に染まった刃
7025,0,0,1,0,1,0,0	//魔王の嘆き
7026,0,0,0,0,0,0,1	//時計塔のカギ
7027,0,0,0,0,0,0,1	//時計塔地下のカギ
7030,0,0,0,0,0,0,1	//砂漠狼の爪
7031,0,0,0,0,0,0,1	//古いフライパン
7032,0,0,0,0,0,0,1	//割れた卵のかけら
7033,0,0,0,0,0,0,1	//毒キノコの胞子
7034,0,0,0,0,0,0,1	//穴が開いている赤い靴下
7035,0,0,0,0,0,0,1	//マッチ
7036,0,0,0,0,0,0,1	//ハティーの牙
7038,0,0,0,0,0,0,1	//毛糸
7041,0,0,0,0,0,0,1	//きれいな小石
7043,0,0,0,0,0,0,1	//きれいな砂
7047,0,0,0,0,0,0,1	//アリスのエプロン
7048,0,0,0,0,0,0,1	//グリフォンの爪
7049,0,0,0,0,0,0,1	//石
7053,0,0,0,0,0,0,1	//サイファー
7054,0,0,0,0,0,0,1	//ブリガン
7055,0,0,0,0,0,0,1	//動物のあれ
7056,0,0,0,0,0,0,1	//カプラ職員の月給明細書
7057,0,0,0,0,0,0,1	//ギャラルホルン
7058,0,0,0,0,0,0,1	//グレイプニール
7063,0,0,0,0,0,0,1	//柔らかい羽毛
7064,0,0,0,0,0,0,1	//とんぼの羽
7065,0,0,0,0,0,0,1	//ラッコの毛皮
7066,0,0,0,0,0,0,1	//氷片
7067,0,0,0,0,0,0,1	//石片
7068,0,0,0,0,0,0,1	//燃えた木
7069,0,0,0,0,0,0,1	//壊れた鎧
7070,0,0,0,0,0,0,1	//割れた甲羅
7071,0,0,0,0,0,0,1	//ぼろぼろの服
7072,0,0,0,0,0,0,1	//さびた手裏剣
7073,0,0,0,0,0,0,1	//フレイヤの宝石
7074,0,0,0,0,0,0,1	//トールのグローブ
7075,0,0,0,0,0,0,1	//アイアンメイデン
7076,0,0,0,0,0,0,1	//未知の歯車
7077,0,0,0,0,0,0,1	//銀の装飾
7078,0,0,0,0,0,0,1	//ヴァルキリーの怒り
7079,0,0,0,0,0,0,1	//天使の羽毛
7080,0,0,0,0,0,0,1	//猫の足音
7081,0,0,0,0,0,0,1	//女人のひげ
7082,0,0,0,0,0,0,1	//石の根
7083,0,0,0,0,0,0,1	//魚の魂
7084,0,0,0,0,0,0,1	//鳥の唾
7085,0,0,0,0,0,0,1	//熊の筋
7086,0,0,0,0,0,0,1	//太陽神の象徴
7087,0,0,0,0,0,0,1	//魂の息吹
7088,0,0,0,0,0,0,1	//雪の結晶
7089,0,0,0,0,0,0,1	//嵐の徴兆
7090,0,0,0,0,0,0,1	//静かな波
7091,0,0,0,0,0,0,1	//押し寄せる波
7092,0,0,0,0,0,0,1	//流れる空気
7093,0,0,0,0,0,0,1	//歯車
7094,0,0,0,0,0,0,1	//未知の欠片
7095,0,0,0,0,0,0,1	//壊れた金属の欠片
7096,0,0,0,0,0,0,1	//冷めた溶岩
7097,0,0,0,0,0,0,1	//燃えている心臓
7098,0,0,0,0,0,0,1	//火種
7099,0,0,0,0,0,0,1	//古い魔法陣
7100,0,0,0,0,0,0,1	//鋭い葉っぱ
7101,0,0,0,0,0,0,1	//ペコペコの羽
7102,0,0,0,0,0,0,1	//悪夢
7103,0,0,0,0,0,0,1	//中身のわからない瓶
7104,0,0,0,0,0,0,1	//偽天使の羽
7105,0,0,0,0,0,0,1	//偽天使の輪
7106,0,0,0,0,0,0,1	//山羊の角
7107,0,0,0,0,0,0,1	//山羊の毛皮
7108,0,0,0,0,0,0,1	//壊れた盾の欠片
7109,0,0,0,0,0,0,1	//輝く槍の穂先
7110,0,0,0,0,0,0,1	//壊れた剣
7111,0,0,0,0,0,0,1	//なめらかな紙
7112,0,0,0,0,0,0,1	//不気味な紙片
7113,0,0,0,0,0,0,1	//壊れた錫杖
7114,0,0,0,0,0,0,1	//ツタンカーメンマスク
7115,0,0,0,0,0,0,1	//ハーピーの羽
7116,0,0,0,0,0,0,1	//ハーピーの爪
7117,0,0,0,0,0,0,1	//破れた魔法書
7118,0,0,0,0,0,0,1	//破れた巻物
7119,0,0,0,0,0,0,1	//菌糸
7120,0,0,0,0,0,0,1	//燃えている馬の蹄
7121,0,0,0,0,0,0,1	//蜜の瓶
7122,0,0,0,0,0,0,1	//熱い毛
7123,0,0,0,0,0,0,1	//ドラゴンの皮
7124,0,0,0,0,0,0,1	//砂の塊
7125,0,0,0,0,0,0,1	//さそりニッパ
7126,0,0,0,0,0,0,1	//でっかいゼロピー
7127,0,0,0,0,0,0,1	//アルコール製造の書
7128,0,0,0,0,0,0,1	//ファイアーボトル製造の書
7129,0,0,0,0,0,0,1	//アシッドボトル製造の書
7130,0,0,0,0,0,0,1	//プラントボトル製造の書
7131,0,0,0,0,0,0,1	//マインボトル製造の書
7132,0,0,0,0,0,0,1	//コーティング薬製造の書
7133,0,0,0,0,0,0,1	//スリムポーション製造の書
7134,0,0,0,0,0,0,1	//乳鉢
7140,0,0,0,0,0,0,1	//生命の種子
7141,0,0,0,0,0,0,1	//イグドラシルの露
7143,0,0,0,0,0,0,1	//飼育ポット
7144,0,0,0,0,0,0,1	//ポーション製造の書
7147,0,0,0,0,0,0,1	//ジャスミン
7149,0,0,0,0,0,0,1	//黄色い皿
7150,0,0,0,0,0,0,1	//竹筒
7151,0,0,0,0,0,0,1	//油紙
7152,0,0,0,0,0,0,1	//つややかな髪
7153,0,0,0,0,0,0,1	//古い着物
7154,0,0,0,0,0,0,1	//毒の粉
7155,0,0,0,0,0,0,1	//ガマ蛙の皮
7156,0,0,0,0,0,0,1	//壊れた手裏剣
7157,0,0,0,0,0,0,1	//黒い覆面
7158,0,0,0,0,0,0,1	//割れた酒壺
7159,0,0,0,0,0,0,1	//天狗の鼻
7160,0,0,0,0,0,0,1	//通行手形
7161,0,0,0,0,0,0,1	//黒い熊の皮
7162,0,0,0,0,0,0,1	//雲のかけら
7163,0,0,0,0,0,0,1	//かたい触角
7164,0,0,0,0,0,0,1	//とてもかたい桃
7165,0,0,0,0,0,0,1	//透明な羽衣
7166,0,0,0,0,0,0,1	//柔らかい布
7167,0,0,0,0,0,0,1	//謎のチャック
7168,0,0,0,0,0,0,1	//大きな蝶の羽
7169,0,0,0,0,0,0,1	//羅盤
7170,0,0,0,0,0,0,1	//タキシード
7171,0,0,0,0,0,0,1	//豹の皮
7172,0,0,0,0,0,0,1	//豹の爪
7174,0,0,0,0,0,0,1	//ボストンバッグ
7175,0,0,0,0,0,0,1	//包装リボン
7177,0,0,1,0,1,0,0	//スタージュエルのかけら
7178,0,0,1,0,1,0,0	//スタージュエル
7181,0,0,1,0,1,0,0	//物品受領書
7148,0,0,1,0,1,0,0	//母さんの手紙
7182,0,0,0,0,0,0,1	//カカオ
7183,0,0,1,0,1,0,0	//妹からの手紙
7184,0,0,1,0,1,0,0	//ピアノの鍵盤
7185,0,0,0,0,0,0,1	//クイズ参加券
7186,0,0,0,0,0,0,1	//細い蔦
7187,0,0,0,0,0,0,1	//お面
7188,0,0,0,0,0,0,1	//茶色い根
7189,0,0,0,0,0,0,1	//木の心臓
7190,0,0,0,0,0,0,1	//非常に硬い皮
7191,0,0,0,0,0,0,1	//提灯
7192,0,0,0,0,0,0,1	//風車
7193,0,0,0,0,0,0,1	//生まれたての若芽
7194,0,0,0,0,0,0,1	//軟らかい草の葉
7195,0,0,0,0,0,0,1	//パチンコ
7196,0,0,0,0,0,0,1	//肩当て
7197,0,0,0,0,0,0,1	//丈夫な蔓
7198,0,0,0,0,0,0,1	//大きな葉
7199,0,0,0,0,0,0,1	//クーポン券
7200,0,0,0,0,0,0,1	//弾力がある縄
7201,0,0,0,0,0,0,1	//丸太
7202,0,0,0,0,0,0,1	//カブトムシのはさみ
7203,0,0,0,0,0,0,1	//硬い枝
7204,0,0,0,0,0,0,1	//火薬
7205,0,0,0,0,0,0,1	//黒い布切れ
7206,0,0,0,0,0,0,1	//黒猫の人形
7207,0,0,0,0,0,0,1	//古いマント
7208,0,0,0,0,0,0,1	//錆びた包丁
7209,0,0,0,0,0,0,1	//デュラハンの兜
7210,0,0,0,0,0,0,1	//デュラハンの鎧の欠片
7211,0,0,0,0,0,0,1	//ロゼッタストーンの欠片
7212,0,0,0,0,0,0,1	//吊り下げられた人形
7213,0,0,0,0,0,0,1	//針刺し
7214,0,0,0,0,0,0,1	//コウモリ籠
7215,0,0,0,0,0,0,1	//折れた針
7216,0,0,0,0,0,0,1	//赤いスカーフ
7217,0,0,0,0,0,0,1	//糸巻
7218,0,0,0,0,0,0,1	//腐った綱
7219,0,0,0,0,0,0,1	//縞模様の靴下
7220,0,0,0,0,0,0,1	//エクトプラズム
7221,0,0,0,0,0,0,1	//縛られた鎖
7222,0,0,0,0,0,0,1	//木の節目
7223,0,0,0,0,0,0,1	//歪んだ自画像
7224,0,0,1,0,1,0,0	//賢者の石
7225,0,0,0,0,0,0,1	//カボチャの提灯
7226,0,0,0,0,0,0,1	//丸薬
7262,0,0,0,0,0,0,1	//ミョグェの扇子
7263,0,0,0,0,0,0,1	//猫眼石
7264,0,0,0,0,0,0,1	//乾いた砂
7265,0,0,0,0,0,0,1	//龍の角
7266,0,0,0,0,0,0,1	//龍の歯
7267,0,0,0,0,0,0,1	//虎皮模様のパンツ
7268,0,0,0,0,0,0,1	//小鬼霊
7269,0,0,0,0,0,0,1	//よだれかけ
7270,0,0,0,0,0,0,1	//ほ乳瓶
7274,0,0,1,0,1,0,0	//古代言語の翻訳書
7275,0,0,1,0,1,0,0	//古代言語文
7277,0,0,0,0,0,0,1	//ムナック人形
7286,0,0,0,0,0,0,1	//レッドチリ
7289,0,0,0,0,0,0,1	//かんらん石
7290,0,0,0,0,0,0,1	//金雲母
7291,0,0,0,0,0,0,1	//めのう
7292,0,0,0,0,0,0,1	//白雲母
7293,0,0,0,0,0,0,1	//薔薇水晶
7294,0,0,0,0,0,0,1	//トルコ石
7295,0,0,0,0,0,0,1	//黄水晶
7296,0,0,0,0,0,0,1	//輝石
7297,0,0,0,0,0,0,1	//黒雲母
7298,0,0,0,0,0,0,1	//葉っぱの服
7299,0,0,0,0,0,0,1	//バンブーバスケット
7300,0,0,0,0,0,0,1	//宝石の原石
7301,0,0,0,0,0,0,1	//柄の紐
7303,0,0,0,0,0,0,1	//米俵
7304,0,0,1,0,1,0,0	//魔女の呪文書
7305,0,0,1,0,1,0,0	//九つの世界の象徴
7306,0,0,1,0,1,0,0	//魂のかけら
7307,0,0,1,0,1,0,0	//魂のささやき
7309,0,0,1,0,1,0,0	//カラスの羽
7312,0,0,0,0,0,0,1	//ジュビリー
7314,0,0,1,0,1,0,0	//The Sign
7315,0,0,0,0,0,0,1	//黒水晶のかけら
7316,0,0,0,0,0,0,1	//虫の足
7317,0,0,0,0,0,0,1	//錆びたネジ
7318,0,0,0,0,0,0,1	//古いつるはし
7319,0,0,0,0,0,0,1	//古い鉄板
7320,0,0,0,0,0,0,1	//粉じん
7321,0,0,0,0,0,0,1	//水晶のかけら
7322,0,0,0,0,0,0,1	//有毒ガス
7323,0,0,0,0,0,0,1	//へこんだやかん
7325,0,0,0,0,0,0,1	//チューブ
7326,0,0,0,0,0,0,1	//蛍光色の液体
7327,0,0,0,0,0,0,1	//懐中電灯
7340,0,0,0,0,0,0,1	//暗黒の意志
7345,0,0,0,0,0,0,1	//囚人の腕輪
7352,0,0,0,0,0,0,1	//透明な板
7353,0,0,0,0,0,0,1	//透明な板
7354,0,0,0,0,0,0,1	//透明な板
7355,0,0,0,0,0,0,1	//透明な板
7356,0,0,0,0,0,0,1	//紋章の欠片
7357,0,0,0,0,0,0,1	//紋章の欠片
7358,0,0,0,0,0,0,1	//紋章の欠片
7359,0,0,0,0,0,0,1	//紋章の欠片
7416,0,0,1,1,1,0,0	//推薦状
7417,0,0,1,1,1,0,0	//依頼書A
7418,0,0,1,1,1,0,0	//依頼書B
7419,0,0,0,0,0,0,1	//エンブリオ製造の書
7421,0,0,1,1,1,0,0	//赤のカギ
7422,0,0,1,1,1,0,0	//黄のカギ
7423,0,0,1,1,1,0,0	//青のカギ
7424,0,0,1,1,1,0,0	//緑のカギ
7425,0,0,1,1,1,0,0	//黒のカギ
7426,0,0,1,1,1,0,0	//赤魔力石
7427,0,0,1,1,1,0,0	//黄魔力石
7428,0,0,1,1,1,0,0	//青魔力石
7429,0,0,1,1,1,0,0	//緑魔力石
7430,0,0,1,1,1,0,0	//黒魔力石
7431,0,0,1,1,1,0,0	//分厚い本
7432,0,0,1,1,1,0,0	//皮袋
7433,0,0,0,0,0,0,1	//白紙のスクロール
7434,0,0,0,0,0,0,1	//属性ポーション製造の書
7435,0,0,0,0,0,0,1	//金の腕輪
7436,0,0,0,0,0,0,1	//苦悩の欠片
7437,0,0,0,0,0,0,1	//悲しみの欠片
7438,0,0,0,0,0,0,1	//憎悪の欠片
7439,0,0,0,0,0,0,1	//絶望の欠片
7440,0,0,0,0,0,0,1	//赤い羽毛
7441,0,0,0,0,0,0,1	//青い羽毛
7442,0,0,0,0,0,0,1	//呪われた印
7443,0,0,0,0,0,0,1	//三頭竜の首
7444,0,0,0,0,0,0,1	//宝箱
7445,0,0,0,0,0,0,1	//緑の宝玉
7446,0,0,0,0,0,0,1	//青の宝玉
7447,0,0,0,0,0,0,1	//赤の宝玉
7448,0,0,0,0,0,0,1	//黄の宝玉
7449,0,0,0,0,0,0,1	//血のついた紙
7450,0,0,0,0,0,0,1	//骨の鎧の欠片
7451,0,0,0,0,0,0,1	//火竜の鱗
7452,0,0,0,0,0,0,1	//黄色い香辛料
7453,0,0,0,0,0,0,1	//甘口ソース
7454,0,0,0,0,0,0,1	//淡白なソース
7455,0,0,0,0,0,0,1	//辛口ソース
7456,0,0,0,0,0,0,1	//赤い香辛料
7457,0,0,0,0,0,0,1	//食用油
7472,0,0,0,0,0,0,1	//料理本レベル1
7473,0,0,0,0,0,0,1	//料理本レベル2
7474,0,0,0,0,0,0,1	//料理本レベル3
7475,0,0,0,0,0,0,1	//料理本レベル4
7476,0,0,0,0,0,0,1	//料理本レベル5
7477,0,0,0,0,0,0,1	//料理本レベル6
7478,0,0,0,0,0,0,1	//料理本レベル7
7479,0,0,0,0,0,0,1	//料理本レベル8
7480,0,0,0,0,0,0,1	//料理本レベル9
7481,0,0,0,0,0,0,1	//料理本レベル10
7482,0,0,0,0,0,0,1	//鍋
7487,0,0,1,1,1,0,0	//料理用ワイン
7488,0,0,1,1,1,0,0	//配達用箱
7489,0,0,1,1,1,0,0	//別荘のスペアキー
7490,0,0,1,1,1,0,0	//キル・ハイルの手紙
7491,0,0,1,1,1,0,0	//鉄の箱
7492,0,0,1,1,1,0,0	//黄色のカードキー
7493,0,0,1,1,1,0,0	//黄金の鍵
7494,0,0,1,1,1,0,0	//高級なボタン
7495,0,0,1,1,1,0,0	//青色のカードキー
7496,0,0,1,1,1,0,0	//赤色のカードキー
7497,0,0,1,1,1,0,0	//金属のパーツ
7498,0,0,1,1,1,0,0	//ロシミエル邸の鍵
7499,0,0,1,1,1,0,0	//家族の肖像画
7500,0,0,1,1,1,0,0	//エリシアの肖像画
7501,0,0,1,1,1,0,0	//K.Hの手紙
7502,0,0,1,1,1,0,0	//ジェームズのメモ
7503,0,0,1,1,1,0,0	//男性の肖像画
7504,0,0,1,1,1,0,0	//制御装置
7505,0,0,1,1,1,0,0	//小さな鍵
7506,0,0,1,1,1,0,0	//黒色のカードキー
7507,0,0,0,0,0,0,1	//硬い鉄の欠片
7508,0,0,1,1,1,0,0	//エリシアの指輪
7510,0,0,0,0,0,0,1	//ヴァルハラの花
7511,0,0,0,0,0,0,1	//闇のルーン
7512,0,0,0,0,0,0,1	//焦げた部品
7513,0,0,0,0,0,0,1	//懐中時計
7521,0,0,0,0,0,0,1	//烈火石
7522,0,0,0,0,0,0,1	//氷閃石
7523,0,0,0,0,0,0,1	//風鈴石
7524,0,0,0,0,0,0,1	//影宝珠
7553,0,0,1,1,1,0,0	//幸運の睡蓮
7561,0,0,0,0,0,0,1	//氷の心臓
7562,0,0,0,0,0,0,1	//氷の鱗
7563,0,0,0,0,0,0,1	//真っ赤なルーン
7564,0,0,0,0,0,0,1	//腐った肉
7565,0,0,0,0,0,0,1	//ベトベトな毒
7566,0,0,0,0,0,0,1	//暗闇の意志
7567,0,0,0,0,0,0,1	//怪しい帽子
7568,0,0,0,0,0,0,1	//白い仮面
7574,0,0,0,0,0,0,1	//氷の粉
7704,0,0,1,1,1,0,0	//壊れた温度計
7705,0,0,1,1,1,0,0	//地質学者のメモ
7722,0,0,1,1,1,0,0	//借入証書
7723,0,0,1,1,1,0,0	//破滅のダイヤモンド
7724,0,0,1,1,1,0,0	//禁断の新秘術書
7725,0,0,1,1,1,0,0	//不運のエメラルド
7751,0,0,0,0,0,0,1	//ボロボロの白い服
7752,0,0,0,0,0,0,1	//ガタガタするドクロ
7753,0,0,0,0,0,0,1	//壊れた農具
7754,0,0,0,0,0,0,1	//壊れた王冠
7830,0,0,0,0,0,0,1	//女神の涙
7831,0,0,0,0,0,0,1	//ヴァルキリーの彫刻
7832,0,0,0,0,0,0,1	//ブリュンヒルデの鎧の欠片
7833,0,0,0,0,0,0,1	//英雄の遺灰
7834,0,0,0,0,0,0,1	//アンドヴァリの指輪
7835,0,0,0,0,0,0,1	//黄昏の輝き
7836,0,0,0,0,0,0,1	//黎明の精髄
7837,0,0,0,0,0,0,1	//冷たい月明かり
7838,0,0,0,0,0,0,1	//仄暗い星明かり
7931,0,0,0,0,0,0,1	//毒製造キット
7932,0,0,0,0,0,0,1	//毒草ネリウム
7933,0,0,0,0,0,0,1	//毒草ランタナ
7934,0,0,0,0,0,0,1	//毒草マキュラータ
7935,0,0,0,0,0,0,1	//毒草セラタム
7936,0,0,0,0,0,0,1	//毒草スコボリア
7937,0,0,0,0,0,0,1	//毒草アモエナ
7938,0,0,0,0,0,0,1	//光の粒
7939,0,0,0,0,0,0,1	//エルダーの枝
7940,0,0,0,0,0,0,1	//改良型設置用トラップ
11000,0,0,0,0,0,0,1	//プロンテラの歴史書
11001,0,0,0,0,0,0,1	//青年見聞録シリーズ1巻
11002,0,0,0,0,0,0,1	//料理王オルレアン1巻
11003,0,0,0,0,0,0,1	//世紀末カプラ伝説1巻
11004,0,0,0,0,0,0,1	//古く損傷した本
11005,0,0,0,0,0,0,1	//ルーン王家全書
11006,0,0,0,0,0,0,1	//血を含んで咲く花…1巻
11007,0,0,0,0,0,0,1	//血を含んで咲く花…2巻
11008,0,0,0,0,0,0,1	//人名大辞典のコピー
11009,0,0,0,0,0,0,1	//青年見聞録シリーズ2巻
11020,0,0,0,0,0,0,1	//育成の手引書
11021,0,0,0,0,0,0,1	//緑化研究所パンフレット
11022,0,0,0,0,0,0,1	//ミックスクッキング料理本
11023,0,0,0,0,0,0,1	//スタミナ増進研究書
11024,0,0,0,0,0,0,1	//活力ドリンク製造法
11513,0,0,0,0,0,0,1	//のど飴
11515,0,0,0,0,0,0,1	//ココナッツ
11516,0,0,0,0,0,0,1	//アサイーの実
11517,0,0,0,0,0,0,1	//浄化の霊薬
12000,0,0,0,0,0,0,1	//フロストダイバーLv5
12001,0,0,0,0,0,0,1	//ヒールLv3
12002,0,0,0,0,0,0,1	//ヒールLv5
12003,0,0,0,0,0,0,1	//テレポートLv2
12004,0,0,0,0,0,0,1	//矢筒
12005,0,0,0,0,0,0,1	//鉄の矢筒
12006,0,0,0,0,0,0,1	//鋼鉄の矢筒
12007,0,0,0,0,0,0,1	//オリデオコンの矢筒
12008,0,0,0,0,0,0,1	//炎の矢筒
12009,0,0,0,0,0,0,1	//銀の矢筒
12010,0,0,0,0,0,0,1	//風の矢筒
12011,0,0,0,0,0,0,1	//岩石の矢筒
12012,0,0,0,0,0,0,1	//水晶の矢筒
12013,0,0,0,0,0,0,1	//影の矢筒
12014,0,0,0,0,0,0,1	//無形の矢筒
12015,0,0,0,0,0,0,1	//錆びた矢筒
12016,0,0,0,0,0,0,1	//速度変化ポーション
12017,0,0,0,0,0,0,1	//速度変化ポーション
12018,0,0,0,0,0,0,1	//花火
12020,0,0,0,0,0,0,1	//呪われた水
12027,0,0,0,0,0,0,1	//クスクス笑う箱
12028,0,0,0,0,0,0,1	//雷の箱
12029,0,0,0,0,0,0,1	//憂鬱な箱
12030,0,0,0,0,0,0,1	//恨みの箱
12031,0,0,0,0,0,0,1	//眠い箱
12032,0,0,0,0,0,0,1	//豪雨の箱
12033,0,0,0,0,0,0,1	//陽光の箱
12034,0,0,0,0,0,0,1	//あえぐ箱
12040,0,0,0,0,0,0,1	//賢者の石
12041,0,0,0,0,0,0,1	//バッタの炒め物
12042,0,0,0,0,0,0,1	//水かきの和え物
12043,0,0,0,0,0,0,1	//ボンバーステーキ
12044,0,0,0,0,0,0,1	//ハーブの味つきカルビ
12045,0,0,0,0,0,0,1	//タシンチェおばさんのチヂミ
12046,0,0,0,0,0,0,1	//ブドウ果汁入りハーブティー
12047,0,0,0,0,0,0,1	//万葉の紅茶
12048,0,0,0,0,0,0,1	//ハーブハチ蜜茶
12049,0,0,0,0,0,0,1	//モロク果実酒
12050,0,0,0,0,0,0,1	//マステラ酒
12051,0,0,0,0,0,0,1	//蒸しガニ
12052,0,0,0,0,0,0,1	//海の幸の生春巻き
12053,0,0,0,0,0,0,1	//貝のお吸い物
12054,0,0,0,0,0,0,1	//クラゲの和え物
12055,0,0,0,0,0,0,1	//辛口焼餃子
12056,0,0,0,0,0,0,1	//かえるの卵の墨汁スープ
12057,0,0,0,0,0,0,1	//ツルツルそば
12058,0,0,0,0,0,0,1	//触手チーズグラタン
12059,0,0,0,0,0,0,1	//ルティエビビン冷麺
12060,0,0,0,0,0,0,1	//コウモリの翼のカボチャ蒸し
12061,0,0,0,0,0,0,1	//ハチ蜜ブドウジュース
12062,0,0,0,0,0,0,1	//チョコレートムースケーキ
12063,0,0,0,0,0,0,1	//フルーツミックス
12064,0,0,0,0,0,0,1	//クリームサンドイッチ
12065,0,0,0,0,0,0,1	//グリーンサラダ
12066,0,0,0,0,0,0,1	//サルのしっぽ炒め
12067,0,0,0,0,0,0,1	//ミックスジュース
12068,0,0,0,0,0,0,1	//大学いも
12069,0,0,0,0,0,0,1	//古代魚の活造り
12070,0,0,0,0,0,0,1	//サソリの炒め物
12071,0,0,0,0,0,0,1	//たれ付き焼き肉
12072,0,0,0,0,0,0,1	//串バーベキュー
12073,0,0,0,0,0,0,1	//特製くまの足の裏料理
12074,0,0,0,0,0,0,1	//筋のソテー
12075,0,0,0,0,0,0,1	//タンの盛り合わせ
12076,0,0,0,0,0,0,1	//赤いきのこワイン
12077,0,0,0,0,0,0,1	//特製ローヤルハーブティー
12078,0,0,0,0,0,0,1	//王室専用高級茶
12079,0,0,0,0,0,0,1	//トリスタン12年
12080,0,0,0,0,0,0,1	//カクテル・竜の吐息
12081,0,0,0,0,0,0,1	//めちゃ苦い薬
12082,0,0,0,0,0,0,1	//特製山海珍味
12083,0,0,0,0,0,0,1	//特大包み料理
12084,0,0,0,0,0,0,1	//竜の激辛スープ
12085,0,0,0,0,0,0,1	//不死のチゲ鍋
12086,0,0,0,0,0,0,1	//エビチリグラタン
12087,0,0,0,0,0,0,1	//焼きワニの野菜蒸し
12088,0,0,0,0,0,0,1	//激辛カレー
12089,0,0,0,0,0,0,1	//特製肉煮込み
12090,0,0,0,0,0,0,1	//茹でサソリ
12091,0,0,0,0,0,0,1	//ピーチケーキ
12092,0,0,0,0,0,0,1	//ソウルハントブレッド
12093,0,0,0,0,0,0,1	//スペシャルトースト
12094,0,0,0,0,0,0,1	//天上のフルーツジュース
12095,0,0,0,0,0,0,1	//フベルゲルミルの酒
12096,0,0,0,0,0,0,1	//強運の汁
12097,0,0,0,0,0,0,1	//串焼き
12098,0,0,0,0,0,0,1	//イチゴ味のおにぎり
12099,0,0,0,0,0,0,1	//おいしい血の炭酸ソーダ
12100,0,0,0,0,0,0,1	//九尾狐のしっぽ料理
12101,0,0,0,0,0,0,1	//柚
12102,0,0,0,0,0,0,1	//焼き串
12103,0,132,0,0,0,0,1	//血塗られた古木の枝
12104,0,0,0,0,0,0,1	//ランダム矢筒
12105,0,0,0,0,0,0,1	//テイミングプレゼントセット
12106,0,0,0,0,0,0,1	//宝石箱
12107,0,0,0,0,0,0,1	//包装された仮面
12108,0,0,0,0,0,0,1	//呪文書の束
12109,0,132,0,0,0,0,1	//ポリンボックス
12110,0,0,0,0,0,0,1	//救急箱
12111,0,0,0,0,0,0,1	//食料包み
12212,0,36,0,0,0,0,1	//巨大なハエの羽
12213,0,512,0,0,0,0,1	//キラキラスティック
12114,0,0,0,0,0,0,1	//火属性コンバーター
12115,0,0,0,0,0,0,1	//水属性コンバーター
12116,0,0,0,0,0,0,1	//地属性コンバーター
12117,0,0,0,0,0,0,1	//風属性コンバーター
12118,0,0,0,0,0,0,1	//レジストファイアーポーション
12119,0,0,0,0,0,0,1	//レジストコールドポーション
12120,0,0,0,0,0,0,1	//レジストアースポーション
12121,0,0,0,0,0,0,1	//レジストウィンドポーション
12222,0,0,0,0,0,0,1	//茶菓子
12223,0,0,0,0,0,0,1	//揚げ菓子
12124,0,0,0,0,0,0,1	//虹色のお餅
12125,0,0,0,0,0,0,1	//野外用調理器具
12126,0,0,0,0,0,0,1	//家庭用調理器具
12127,0,0,0,0,0,0,1	//高級調理器具
12128,0,0,0,0,0,0,1	//宮廷用調理器具
12129,0,0,0,0,0,0,1	//幻の調理器具
12130,0,0,0,0,0,0,1	//菓子包み
12132,0,0,0,0,0,0,1	//真っ赤な袋
12144,0,0,0,0,0,0,1	//ウィンドスフィアケース
12145,0,0,0,0,0,0,1	//ダークスフィアケース
12146,0,0,0,0,0,0,1	//ポイズンスフィアケース
12147,0,0,0,0,0,0,1	//アイススフィアケース
12148,0,0,0,0,0,0,1	//ファイアスフィアケース
12149,0,0,0,0,0,0,1	//バレットケース
12150,0,0,0,0,0,0,1	//ブラッドバレットケース
12151,0,0,0,0,0,0,1	//シルバーバレットケース
12183,0,0,0,0,0,0,1	//聖なる矢筒
12184,0,0,0,0,0,0,1	//傭兵専用赤ポーション
12185,0,0,0,0,0,0,1	//傭兵専用青ポーション
12194,0,0,0,0,0,0,1	//故郷の贈り物
12195,0,0,0,0,0,0,1	//淡泊な餠
12196,0,0,0,0,0,0,1	//心強い餠
12197,0,0,0,0,0,0,1	//やや塩辛い餠
12198,0,0,0,0,0,0,1	//幸運の餅
12241,0,0,0,0,0,0,1	//傭兵用スピードアップポーション
12242,0,0,0,0,0,0,1	//傭兵用ハイスピードポーション
12243,0,0,0,0,0,0,1	//傭兵用バーサークポーション
12246,0,0,0,0,0,0,1	//魔力が込められたカード帖
12260,0,0,0,0,0,0,1	//コモドバカンスセット
12290,0,0,0,0,0,0,1	//神妙な缶詰
12291,0,0,0,0,0,0,1	//神妙なペットボトル
12292,0,0,0,0,0,0,1	//まだ熟してないイグドラシルの実
12293,0,0,0,0,0,0,1	//水気のないイグドラシルの実
12333,0,0,1,1,1,0,0	//アンシラ
12341,0,0,0,0,0,0,1	//改良型設置用トラップボックス
12346,0,0,0,0,0,0,1	//まだ青いどんぐり
12347,0,0,0,0,0,0,1	//どんぐりゼリー
12353,0,0,0,0,0,0,1	//小さな水差し
12358,0,0,0,0,0,0,1	//風の扇子
12359,0,0,0,0,0,0,1	//とても柔らかい草
12360,0,0,0,0,0,0,1	//レッドジュース
12362,0,0,0,0,0,0,1	//クロレン
12364,0,0,0,0,0,0,1	//指導者の杖
12365,0,0,0,0,0,0,1	//睡蓮のつぼみ
12366,0,0,0,0,0,0,1	//女の子人形
12367,0,0,0,0,0,0,1	//高級洋酒ボトル
12368,0,0,0,0,0,0,1	//派手な鏡
12369,0,0,0,0,0,0,1	//椰子の実
12371,0,0,0,0,0,0,1	//魔力の石版
12372,0,0,0,0,0,0,1	//地獄の契約書
12373,0,0,0,0,0,0,1	//少年の純情
12374,0,0,0,0,0,0,1	//花火氷
12376,0,0,0,0,0,0,1	//神妙な缶詰めサバ味
12377,0,0,0,0,0,0,1	//神妙なペットボトル海味
12379,0,0,0,0,0,0,1	//教皇クッキー
12383,0,0,0,0,0,0,1	//バルカンバレットマガジン
12392,0,0,0,0,0,0,1	//リペアA
12393,0,0,0,0,0,0,1	//リペアB
12394,0,0,0,0,0,0,1	//リペアC
12395,0,0,0,0,0,0,1	//坦々麺
12408,0,0,1,1,1,0,0	//ヒドラボール
12414,0,0,0,0,0,0,1	//ガラナキャンディー
12658,0,4,0,0,0,0,0	//変身スクロール(デビルチ)
12659,0,4,0,0,0,0,0	//変身スクロール(レイドリックアーチャー)
12660,0,4,0,0,0,0,0	//変身スクロール(マブカ)
12661,0,4,0,0,0,0,0	//変身スクロール(マルドゥーク)
12662,0,4,0,0,0,0,0	//変身スクロール(バンシー)
12663,0,4,0,0,0,0,0	//変身スクロール(ポリン)
12664,0,4,0,0,0,0,0	//変身スクロール(ゴーレム)
12717,0,0,0,0,0,0,1	//パラライズ
12718,0,0,0,0,0,0,1	//リーチエンド
12719,0,0,0,0,0,0,1	//オブリビオンカース
12720,0,0,0,0,0,0,1	//デスハート
12721,0,0,0,0,0,0,1	//トキシン
12722,0,0,0,0,0,0,1	//パイレックシア
12723,0,0,0,0,0,0,1	//マジックマッシュルーム
12724,0,0,0,0,0,0,1	//ベノムブリード
12725,0,0,1,1,1,0,0	//ナウシズルーンストーン
12726,0,0,1,1,1,0,0	//ライゾルーンストーン
12727,0,0,1,1,1,0,0	//ベルカナルーンストーン
12728,0,0,1,1,1,0,0	//イスルーンストーン
12729,0,0,1,1,1,0,0	//エイシルルーンストーン
12730,0,0,1,1,1,0,0	//ウルズルーンストーン
12731,0,0,1,1,1,0,0	//スリサズルーンストーン
12732,0,0,1,1,1,0,0	//ペオースルーンストーン
12733,0,0,1,1,1,0,0	//ハガラズルーンストーン
12734,0,0,0,0,0,0,1	//高級なルーン原石
12735,0,0,0,0,0,0,1	//古代のルーン原石
12736,0,0,0,0,0,0,1	//神秘のルーン原石
12737,0,0,0,0,0,0,1	//一般的なルーン原石
12738,0,0,0,0,0,0,1	//稀少なルーン原石
13021,0,0,1,1,1,0,0	//コンバットナイフR
13022,0,0,1,1,1,0,0	//カウンターダガーR
13023,0,0,1,1,1,0,0	//阿修羅R
13024,0,0,1,1,1,0,0	//ソードブレイカーR
13025,0,0,1,1,1,0,0	//メイルブレイカーR
13026,0,0,1,1,1,0,0	//月光剣R
13027,2,0,0,0,0,0,0	//メス
13028,2,0,0,0,0,0,0	//トゥースブレイド
13034,2,0,0,0,0,0,0	//砂漠の夕暮れ
13035,2,0,0,0,0,0,0	//砂漠の風
13401,0,0,1,1,1,0,0	//エクスキャリバーR
13402,0,0,1,1,1,0,0	//カトラスR
13403,0,0,1,1,1,0,0	//太陽剣R
13405,2,0,0,0,0,0,0	//白在剣
13412,2,0,0,0,0,0,0	//ナハトズィーガーのツインエッジ（青）
13413,2,0,0,0,0,0,0	//ナハトズィーガーのツインエッジ（赤）
16998,0,0,1,0,0,0,0	//大天使の羽の箱
16999,0,0,1,0,0,0,0	//冒険家のリュックサックの箱
17037,0,0,1,0,0,0,0	//変身スクロール(デビルチ)10個の箱
17038,0,0,1,0,0,0,0	//変身スクロール(レイドリックアーチャー)10個の箱
17039,0,0,1,0,0,0,0	//変身スクロール(マブカ)10個の箱
17040,0,0,1,0,0,0,0	//変身スクロール(マルドゥーク)10個の箱
17041,0,0,1,0,0,0,0	//変身スクロール(バンシー)10個の箱
17042,0,0,1,0,0,0,0	//変身スクロール(ポリン)10個の箱
17043,0,0,1,0,0,0,0	//変身スクロール(ゴーレム)10個の箱
18520,0,0,1,0,1,0,0	//ジャティ族の聖冠
