//基本HPデータベース
//NOV,SWO,MAG,ARC,ACO,MER,THI,KNI,PRI,WIZ,BLA,HUN,ASS,KNIp,CRU,MON,SAG,ROG,ALC,BAR,DAN,CRUp,WED,SNV,TKB,SG,SGp,SL,GS,NJ,DK,DC
40,40,40,40,40,40,40,40,40,40,40,40,40,40,42,41,40,40,40,38,38,40,40,40,40,41,41,40,38,131,40,40
45,46,46,46,46,46,46,48,47,46,47,47,47,45,51,50,47,47,47,43,43,45,45,45,46,50,50,47,44,137,45,45
50,53,52,53,52,52,53,58,54,53,55,55,55,50,61,59,54,55,55,48,48,50,50,50,53,59,59,54,50,144,50,50
55,61,58,60,59,59,60,69,62,60,64,63,64,55,72,70,62,63,64,54,54,55,55,55,61,70,70,62,57,151,55,55
60,70,65,68,66,66,68,82,71,68,74,72,75,60,85,81,71,72,74,61,61,60,60,60,70,81,81,71,64,159,60,60
65,79,72,76,73,73,76,96,81,76,84,82,87,65,99,93,81,82,84,69,69,65,65,65,79,93,93,81,73,167,65,65
70,89,79,85,81,81,85,112,91,85,95,93,100,70,114,105,91,93,95,77,77,70,70,70,89,105,105,91,82,175,70,70
75,100,86,94,89,89,94,129,102,94,107,105,114,75,130,119,102,105,107,86,86,75,75,75,100,119,119,102,93,184,75,75
80,111,94,104,98,98,104,148,114,104,120,118,129,80,147,133,114,118,120,96,96,80,80,80,111,133,133,114,104,193,80,80
85,123,102,114,107,107,114,168,127,115,134,132,145,85,165,149,127,132,134,107,107,85,85,85,123,149,149,127,202,202,85,85
90,136,110,125,116,116,125,190,140,126,149,146,162,90,184,165,140,146,149,118,118,90,90,90,136,165,165,140,212,212,90,90
95,149,119,136,126,126,136,213,154,138,165,161,180,95,204,183,154,161,165,130,130,95,95,95,149,183,183,154,222,222,95,95
100,163,128,148,136,136,148,238,169,150,182,177,199,100,225,201,169,177,182,143,143,100,100,100,163,201,201,169,232,232,100,100
105,178,137,160,147,147,160,264,185,163,200,194,219,105,247,221,185,194,200,157,157,105,105,105,178,221,221,185,243,243,105,105
110,194,147,173,158,158,173,292,201,176,219,212,241,110,271,241,201,212,219,171,171,110,110,110,194,241,241,201,254,254,110,110
115,210,157,186,169,169,186,321,218,190,238,231,264,115,296,262,218,231,238,186,186,115,115,115,210,262,262,218,265,265,115,115
120,227,167,200,181,181,200,352,236,204,258,250,288,120,322,283,236,250,258,202,202,120,120,120,227,283,283,236,277,277,120,120
125,245,177,214,193,193,214,384,255,219,279,270,313,125,349,306,255,270,279,219,219,125,125,125,245,306,306,255,289,289,125,125
130,263,188,229,206,206,229,418,274,234,301,291,339,130,377,329,274,291,301,236,236,130,130,130,263,329,329,274,301,301,130,130
135,282,199,244,219,219,244,453,294,250,324,313,366,135,406,354,294,313,324,254,254,135,135,135,282,354,354,294,316,316,135,135
140,302,210,260,232,232,260,490,315,267,348,336,394,140,436,379,315,336,348,273,273,140,140,140,302,379,379,315,331,331,140,140
145,322,222,276,246,246,276,528,337,284,373,360,423,145,467,406,337,360,373,293,293,145,145,145,322,406,406,337,346,346,145,145
150,343,234,293,260,260,293,568,359,302,399,385,453,150,499,433,359,385,399,313,313,150,150,150,343,433,433,359,364,364,150,150
155,365,246,310,275,275,310,609,382,320,426,410,484,155,532,462,382,410,426,334,334,155,155,155,365,462,462,382,382,382,155,155
160,388,259,328,290,290,328,652,406,339,454,436,517,160,567,491,406,436,454,356,356,160,160,160,388,491,491,406,400,400,160,160
165,411,272,346,305,305,346,696,431,358,482,463,551,165,603,521,431,463,482,379,379,165,165,165,411,521,521,431,420,420,165,165
170,435,285,365,321,321,365,742,456,378,511,491,586,170,640,551,456,491,511,402,402,170,170,170,435,551,551,456,440,440,170,170
175,460,298,384,337,337,384,789,482,398,541,520,622,175,678,583,482,520,541,426,426,175,175,175,460,583,583,482,460,460,175,175
180,485,312,404,354,354,404,838,509,419,572,550,659,180,717,615,509,550,572,451,451,180,180,180,485,615,615,509,490,482,180,180
185,511,326,424,371,371,424,888,537,441,604,581,697,185,757,649,537,581,604,477,477,185,185,185,511,649,649,537,520,504,185,185
190,538,340,445,388,388,445,940,565,463,637,612,736,190,798,683,565,612,637,503,503,190,190,190,538,683,683,565,550,526,190,190
195,565,355,466,406,406,466,993,594,486,671,644,776,195,840,719,594,644,671,530,530,195,195,195,565,719,719,594,580,548,195,195
200,593,370,488,424,424,488,1048,624,509,706,677,817,200,883,755,624,677,706,558,558,200,200,200,593,755,755,624,610,572,200,200
205,622,385,510,443,443,510,1104,655,533,742,711,859,205,927,793,655,711,742,587,587,205,205,205,622,793,793,655,650,596,205,205
210,652,401,533,462,462,533,1162,686,557,779,746,903,210,973,831,686,746,779,616,616,210,210,210,652,831,831,686,680,620,210,210
215,682,417,556,481,481,556,1221,718,582,816,782,948,215,1020,870,718,782,816,646,646,215,215,215,682,870,870,718,710,646,215,215
220,713,433,580,501,501,580,1282,751,607,854,818,994,220,1068,909,751,818,854,677,677,220,220,220,713,909,909,751,740,672,220,220
225,745,449,604,521,521,604,1344,785,633,893,855,1041,225,1117,950,785,855,893,709,709,225,225,225,745,950,950,785,770,698,225,225
230,777,466,629,542,542,629,1408,819,659,933,893,1089,230,1167,991,819,893,933,741,741,230,230,230,777,991,991,819,800,726,230,230
235,810,483,654,563,563,654,1473,854,686,974,932,1138,235,1218,1034,854,932,974,774,774,235,235,235,810,1034,1034,854,830,754,235,235
240,844,500,680,584,584,680,1540,890,714,1016,972,1188,240,1270,1077,890,972,1016,808,808,240,240,240,844,1077,1077,890,860,784,240,240
245,878,518,706,606,606,706,1608,927,742,1059,1013,1239,245,1323,1122,927,1013,1059,843,843,245,245,245,878,1122,1122,927,890,814,245,245
250,913,536,733,628,628,733,1678,964,771,1103,1055,1291,250,1377,1167,964,1055,1103,878,878,250,250,250,913,1167,1167,964,920,844,250,250
255,949,554,760,651,651,760,1749,1002,800,1148,1097,1344,255,1432,1214,1002,1097,1148,914,914,255,255,255,949,1214,1214,1002,950,876,255,255
260,986,573,788,674,674,788,1822,1041,830,1194,1140,1399,260,1489,1261,1041,1140,1194,951,951,260,260,260,986,1261,1261,1041,990,908,260,260
265,1023,592,816,697,697,816,1896,1081,860,1240,1184,1455,265,1547,1309,1081,1184,1240,989,989,265,265,265,1023,1309,1309,1081,1020,940,265,265
270,1061,611,845,721,721,845,1972,1121,891,1287,1229,1512,270,1606,1357,1121,1229,1287,1027,1027,270,270,270,1061,1357,1357,1121,1050,975,270,270
275,1100,630,874,745,745,874,2049,1162,922,1335,1275,1570,275,1666,1407,1162,1275,1335,1066,1066,275,275,275,1100,1407,1407,1162,1080,1010,275,275
280,1139,650,904,770,770,904,2128,1204,954,1384,1322,1629,280,1727,1457,1204,1322,1384,1106,1106,280,280,280,1139,1457,1457,1204,1110,1100,280,280
285,1179,670,934,795,795,934,2208,1247,987,1434,1370,1689,285,1789,1509,1247,1370,1434,1147,1147,285,285,285,1179,1509,1509,1247,1140,1140,285,285
290,1220,690,965,820,820,965,2290,1290,1020,1485,1418,1750,290,1852,1561,1290,1418,1485,1188,1188,290,290,290,1220,1561,1561,1290,1180,1180,290,290
295,1261,711,996,846,846,996,2373,1334,1054,1537,1467,1812,295,1916,1615,1334,1467,1537,1230,1230,295,295,295,1261,1615,1615,1334,1230,1220,295,295
300,1303,732,1028,872,872,1028,2458,1379,1088,1590,1517,1875,300,1981,1669,1379,1517,1590,1273,1273,300,300,300,1303,1669,1669,1379,1280,1260,300,300
305,1346,753,1060,899,899,1060,2544,1425,1123,1644,1568,1939,305,2047,1725,1425,1568,1644,1317,1317,305,305,305,1346,1725,1725,1425,1330,1300,305,305
310,1390,775,1093,926,926,1093,2632,1471,1158,1699,1620,2005,310,2115,1781,1471,1620,1699,1361,1361,310,310,310,1390,1781,1781,1471,1395,1340,310,310
315,1434,797,1126,953,953,1126,2721,1518,1194,1754,1673,2072,315,2184,1838,1518,1673,1754,1406,1406,315,315,315,1434,1838,1838,1518,1455,1385,315,315
320,1479,819,1160,981,981,1160,2812,1566,1230,1810,1726,2140,320,2254,1895,1566,1726,1810,1452,1452,320,320,320,1479,1895,1895,1566,1515,1430,320,320
325,1525,841,1194,1009,1009,1194,2904,1615,1267,1867,1780,2209,325,2325,1954,1615,1780,1867,1499,1499,325,325,325,1525,1954,1954,1615,1575,1475,325,325
330,1571,864,1229,1038,1038,1229,2998,1664,1304,1925,1835,2279,330,2397,2013,1664,1835,1925,1546,1546,330,330,330,1571,2013,2013,1664,1635,1520,330,330
335,1618,887,1264,1067,1067,1264,3093,1714,1342,1984,1891,2350,335,2470,2074,1714,1891,1984,1594,1594,335,335,335,1618,2074,2074,1714,1695,1565,335,335
340,1666,910,1300,1096,1096,1300,3190,1765,1381,2044,1948,2422,340,2544,2135,1765,1948,2044,1643,1643,340,340,340,1666,2135,2135,1765,1760,1615,340,340
345,1714,934,1336,1126,1126,1336,3288,1817,1420,2105,2006,2495,345,2619,2198,1817,2006,2105,1693,1693,345,345,345,1714,2198,2198,1817,1820,1665,345,345
350,1763,958,1373,1156,1156,1373,3388,1869,1460,2167,2065,2569,350,2695,2261,1869,2065,2167,1743,1743,350,350,350,1763,2261,2261,1869,1885,1715,350,350
355,1813,982,1410,1187,1187,1410,3489,1922,1500,2230,2124,2644,355,2772,2326,1922,2124,2230,1794,1794,355,355,355,1813,2326,2326,1922,1950,1765,355,355
360,1864,1007,1448,1218,1218,1448,3592,1976,1541,2294,2184,2721,360,2851,2391,1976,2184,2294,1846,1846,360,360,360,1864,2391,2391,1976,2015,1815,360,360
365,1915,1032,1486,1249,1249,1486,3696,2031,1582,2358,2245,2799,365,2931,2457,2031,2245,2358,1899,1899,365,365,365,1915,2457,2457,2031,2080,1880,365,365
370,1967,1057,1525,1281,1281,1525,3802,2086,1624,2423,2307,2878,370,3012,2523,2086,2307,2423,1952,1952,370,370,370,1967,2523,2523,2086,2145,1935,370,370
375,2020,1082,1564,1313,1313,1564,3909,2142,1666,2489,2370,2958,375,3094,2591,2142,2370,2489,2006,2006,375,375,375,2020,2591,2591,2142,2210,1990,375,375
380,2073,1108,1604,1346,1346,1604,4018,2199,1709,2556,2434,3039,380,3177,2659,2199,2434,2556,2061,2061,380,380,380,2073,2659,2659,2199,2275,2045,380,380
385,2127,1134,1644,1379,1379,1644,4128,2257,1753,2624,2499,3121,385,3261,2729,2257,2499,2624,2117,2117,385,385,385,2127,2729,2729,2257,2340,2100,385,385
390,2182,1160,1685,1412,1412,1685,4240,2315,1797,2693,2564,3204,390,3346,2799,2315,2564,2693,2173,2173,390,390,390,2182,2799,2799,2315,2410,2160,390,390
395,2237,1187,1726,1446,1446,1726,4353,2374,1842,2763,2630,3288,395,3432,2871,2374,2630,2763,2230,2230,395,395,395,2237,2871,2871,2374,2480,2220,395,395
400,2293,1214,1768,1480,1480,1768,4468,2434,1887,2834,2697,3373,400,3519,2943,2434,2697,2834,2288,2288,400,400,400,2293,2943,2943,2434,2550,2280,400,400
405,2350,1241,1810,1515,1515,1810,4584,2495,1933,2906,2765,3459,405,3607,3017,2495,2765,2906,2347,2347,405,405,405,2350,3017,3017,2495,2620,2340,405,405
410,2408,1269,1853,1550,1550,1853,4702,2556,1979,2979,2834,3547,410,3697,3091,2556,2834,2979,2406,2406,410,410,410,2408,3091,3091,2556,2690,2400,410,410
415,2466,1297,1896,1585,1585,1896,4821,2618,2026,3052,2904,3636,415,3788,3166,2618,2904,3052,2466,2466,415,415,415,2466,3166,3166,2618,2760,2460,415,415
420,2525,1325,1940,1621,1621,1940,4942,2681,2073,3126,2974,3726,420,3880,3241,2681,2974,3126,2527,2527,420,420,420,2525,3241,3241,2681,2830,2520,420,420
425,2585,1353,1984,1657,1657,1984,5064,2745,2121,3201,3045,3817,425,3973,3318,2745,3045,3201,2589,2589,425,425,425,2585,3318,3318,2745,2900,2580,425,425
430,2645,1382,2029,1694,1694,2029,5188,2809,2169,3277,3117,3909,430,4067,3395,2809,3117,3277,2651,2651,430,430,430,2645,3395,3395,2809,2970,2640,430,430
435,2706,1411,2074,1731,1731,2074,5313,2874,2218,3354,3190,4002,435,4162,3474,2874,3190,3354,2714,2714,435,435,435,2706,3474,3474,2874,3040,2705,435,435
440,2768,1440,2120,1768,1768,2120,5440,2940,2268,3432,3264,4096,440,4258,3553,2940,3264,3432,2778,2778,440,440,440,2768,3553,3553,2940,3115,2770,440,440
445,2830,1470,2166,1806,1806,2166,5568,3007,2318,3511,3339,4191,445,4355,3634,3007,3339,3511,2843,2843,445,445,445,2830,3634,3634,3007,3190,2835,445,445
450,2893,1500,2213,1844,1844,2213,5698,3074,2369,3591,3415,4287,450,4453,3715,3074,3415,3591,2908,2908,450,450,450,2893,3715,3715,3074,3265,2900,450,450
455,2957,1530,2260,1883,1883,2260,5829,3142,2420,3672,3491,4384,455,4552,3798,3142,3491,3672,2974,2974,455,455,455,2957,3798,3798,3142,3340,2965,455,455
460,3022,1561,2308,1922,1922,2308,5962,3211,2472,3754,3568,4483,460,4653,3881,3211,3568,3754,3041,3041,460,460,460,3022,3881,3881,3211,3415,3030,460,460
465,3087,1592,2356,1961,1961,2356,6096,3281,2524,3836,3646,4583,465,4755,3965,3281,3646,3836,3109,3109,465,465,465,3087,3965,3965,3281,3490,3100,465,465
470,3153,1623,2405,2001,2001,2405,6232,3351,2577,3919,3725,4684,470,4858,4049,3351,3725,3919,3177,3177,470,470,470,3153,4049,4049,3351,3565,3170,470,470
475,3220,1654,2454,2041,2041,2454,6369,3422,2630,4003,3805,4786,475,4962,4135,3422,3805,4003,3246,3246,475,475,475,3220,4135,4135,3422,3640,3240,475,475
480,3287,1686,2504,2082,2082,2504,6508,3494,2684,4088,3886,4889,480,5067,4221,3494,3886,4088,3316,3316,480,480,480,3287,4221,4221,3494,3715,3310,480,480
485,3355,1718,2554,2123,2123,2554,6648,3567,2739,4174,3968,4993,485,5173,4309,3567,3968,4174,3387,3387,485,485,485,3355,4309,4309,3567,3790,3380,485,485
490,3424,1750,2605,2164,2164,2605,6790,3640,2794,4261,4050,5098,490,5280,4397,3640,4050,4261,3458,3458,490,490,490,3424,4397,4397,3640,3870,3455,490,490
495,3493,1783,2656,2206,2206,2656,6933,3714,2850,4349,4133,5204,495,5388,4487,3714,4133,4349,3530,3530,495,495,495,3493,4487,4487,3714,3950,3530,495,495
500,3563,1816,2708,2248,2248,2708,7078,3789,2906,4438,4217,5311,500,5497,4577,3789,4217,4438,3603,3603,500,500,500,3563,4577,4577,3789,4030,3605,500,500
505,3634,1849,2760,2291,2291,2760,7224,3865,2963,4528,4302,5419,505,5607,4669,3865,4302,4528,3677,3677,505,505,505,3634,4669,4669,3865,4110,3680,505,505
510,3706,1883,2813,2334,2334,2813,7372,3941,3020,4619,4388,5529,510,5719,4761,3941,4388,4619,3751,3751,510,510,510,3706,4761,4761,3941,4190,3760,510,510
515,3778,1917,2866,2377,2377,2866,7521,4018,3078,4710,4475,5640,515,5832,4854,4018,4475,4710,3826,3826,515,515,515,3778,4854,4854,4018,4270,3840,515,515
520,3851,1951,2920,2421,2421,2920,7672,4096,3136,4802,4562,5752,520,5946,4947,4096,4562,4802,3902,3902,520,520,520,3851,4947,4947,4096,4350,3920,520,520
525,3925,1985,2974,2465,2465,2974,7824,4175,3195,4895,4650,5865,525,6061,5042,4175,4650,4895,3979,3979,525,525,525,3925,5042,5042,4175,4430,4000,525,525
530,3999,2020,3029,2510,2510,3029,7978,4254,3254,4989,4739,5979,530,6177,5137,4254,4739,4989,4056,4056,530,530,530,3999,5137,5137,4254,4510,4080,530,530
535,4074,2055,3084,2555,2555,3084,8133,4334,3314,5084,4829,6094,535,6294,5234,4334,4829,5084,4134,4134,535,535,535,4074,5234,5234,4334,4679,4184,535,535
540,4150,2090,3140,2600,2600,3140,8290,4415,3375,5180,4920,6210,540,6412,5331,4415,4920,5180,4213,4213,540,540,540,4150,5331,5331,4415,4768,4263,540,540
545,4226,2126,3196,2646,2646,3196,8448,4497,3436,5277,5012,6327,545,6531,5430,4497,5012,5277,4293,4293,545,545,545,4226,5430,5430,4497,4859,4344,545,545
550,4303,2162,3253,2692,2692,3253,8608,4579,3498,5375,5105,6445,550,6651,5529,4579,5105,5375,4373,4373,550,550,550,4303,5529,5529,4579,4950,4424,550,550
555,4381,2198,3310,2739,2739,3310,8769,4662,3560,5474,5198,6564,555,6772,5630,4662,5198,5474,4454,4454,555,555,555,4381,5630,5630,4662,5042,4506,555,555
560,4460,2235,3368,2786,2786,3368,8932,4746,3623,5574,5292,6685,560,6895,5731,4746,5292,5574,4536,4536,560,560,560,4460,5731,5731,4746,5134,4588,560,560
565,4539,2272,3426,2833,2833,3426,9096,4831,3686,5674,5387,6807,565,7019,5833,4831,5387,5674,4619,4619,565,565,565,4539,5833,5833,4831,5228,4672,565,565
570,4619,2309,3485,2881,2881,3485,9262,4916,3750,5775,5483,6930,570,7144,5935,4916,5483,5775,4702,4702,570,570,570,4619,5935,5935,4916,5322,4755,570,570
575,4700,2346,3544,2929,2929,3544,9429,5002,3814,5877,5580,7054,575,7270,6039,5002,5580,5877,4786,4786,575,575,575,4700,6039,6039,5002,5418,4840,575,575
580,4781,2384,3604,2978,2978,3604,9598,5089,3879,5980,5678,7179,580,7397,6143,5089,5678,5980,4871,4871,580,580,580,4781,6143,6143,5089,5514,4925,580,580
585,4863,2422,3664,3027,3027,3664,9768,5177,3945,6084,5777,7305,585,7525,6249,5177,5777,6084,4957,4957,585,585,585,4863,6249,6249,5177,5612,5012,585,585
590,4946,2460,3725,3076,3076,3725,9940,5265,4011,6189,5876,7432,590,7654,6355,5265,5876,6189,5043,5043,590,590,590,4946,6355,6355,5265,5709,5098,590,590
595,5029,2499,3786,3126,3126,3786,10113,5354,4078,6295,5976,7560,595,7784,6463,5354,5976,6295,5130,5130,595,595,595,5029,6463,6463,5354,5808,5186,595,595
600,5113,2538,3848,3176,3176,3848,10288,5444,4145,6402,6077,7689,600,7915,6571,5444,6077,6402,5218,5218,600,600,600,5113,6571,6571,5444,5907,5274,600,600
605,5198,2577,3910,3227,3227,3910,10464,5535,4213,6510,6179,7819,605,8047,6681,5535,6179,6510,5307,5307,605,605,605,5198,6681,6681,5535,6008,5364,605,605
610,5284,2617,3973,3278,3278,3973,10642,5626,4281,6619,6282,7951,610,8181,6791,5626,6282,6619,5396,5396,610,610,610,5284,6791,6791,5626,6109,5453,610,610
615,5370,2657,4036,3329,3329,4036,10821,5718,4350,6728,6386,8084,615,8316,6902,5718,6386,6728,5486,5486,615,615,615,5370,6902,6902,5718,6212,5544,615,615
620,5457,2697,4100,3381,3381,4100,11002,5811,4419,6838,6490,8218,620,8452,7013,5811,6490,6838,5577,5577,620,620,620,5457,7013,7013,5811,6314,5635,620,620
625,5545,2737,4164,3433,3433,4164,11184,5905,4489,6949,6595,8353,625,8589,7126,5905,6595,6949,5669,5669,625,625,625,5545,7126,7126,5905,6418,5728,625,625
630,5633,2778,4229,3486,3486,4229,11368,5999,4559,7061,6701,8489,630,8727,7239,5999,6701,7061,5761,5761,630,630,630,5633,7239,7239,5999,6522,5820,630,630
635,5722,2819,4294,3539,3539,4294,11553,6094,4630,7174,6808,8626,635,8866,7354,6094,6808,7174,5854,5854,635,635,635,5722,7354,7354,6094,6628,5914,635,635
640,5812,2860,4360,3592,3592,4360,11740,6190,4702,7288,6916,8764,640,9006,7469,6190,6916,7288,5948,5948,640,640,640,5812,7469,7469,6190,6734,6008,640,640
645,5902,2902,4426,3646,3646,4426,11928,6287,4774,7403,7025,8903,645,9147,7586,6287,7025,7403,6043,6043,645,645,645,5902,7586,7586,6287,6842,6104,645,645
650,5993,2944,4493,3700,3700,4493,12118,6384,4847,7519,7135,9043,650,9289,7703,6384,7135,7519,6138,6138,650,650,650,5993,7703,7703,6384,6950,6199,650,650
655,6085,2986,4560,3755,3755,4560,12309,6482,4920,7636,7245,9184,655,9432,7822,6482,7245,7636,6234,6234,655,655,655,6085,7822,7822,6482,7059,6296,655,655
660,6178,3029,4628,3810,3810,4628,12502,6581,4994,7754,7356,9327,660,9577,7941,6581,7356,7754,6331,6331,660,660,660,6178,7941,7941,6581,7168,6393,660,660
665,6271,3072,4696,3865,3865,4696,12696,6681,5068,7872,7468,9471,665,9723,8061,6681,7468,7872,6429,6429,665,665,665,6271,8061,8061,6681,7279,6492,665,665
670,6365,3115,4765,3921,3921,4765,12892,6781,5143,7991,7581,9616,670,9870,8181,6781,7581,7991,6527,6527,670,670,670,6365,8181,8181,6781,7390,6590,670,670
675,6460,3158,4834,3977,3977,4834,13089,6882,5218,8111,7695,9762,675,10018,8303,6882,7695,8111,6626,6626,675,675,675,6460,8303,8303,6882,7503,6690,675,675
680,6555,3202,4904,4034,4034,4904,13288,6984,5294,8232,7810,9909,680,10167,8425,6984,7810,8232,6726,6726,680,680,680,6555,8425,8425,6984,7616,6790,680,680
685,6651,3246,4974,4091,4091,4974,13488,7087,5371,8354,7926,10057,685,10317,8549,7087,7926,8354,6827,6827,685,685,685,6651,8549,8549,7087,7731,6892,685,685
690,6748,3290,5045,4148,4148,5045,13690,7190,5448,8477,8042,10206,690,10468,8673,7190,8042,8477,6928,6928,690,690,690,6748,8673,8673,7190,7845,6993,690,690
695,6845,3335,5116,4206,4206,5116,13893,7294,5526,8601,8159,10356,695,10620,8799,7294,8159,8601,7030,7030,695,695,695,6845,8799,8799,7294,7961,7096,695,695
700,6943,3380,5188,4264,4264,5188,14098,7399,5604,8726,8277,10507,700,10773,8925,7399,8277,8726,7133,7133,700,700,700,6943,8925,8925,7399,8077,7199,700,700
705,7042,3425,5260,4323,4323,5260,14304,7505,5683,8852,8396,10659,705,10927,9053,7505,8396,8852,7237,7237,705,705,705,7042,9053,9053,7505,8195,7304,705,705
710,7142,3471,5333,4382,4382,5333,14512,7611,5762,8979,8516,10813,710,11083,9181,7611,8516,8979,7341,7341,710,710,710,7142,9181,9181,7611,8313,7408,710,710
715,7242,3517,5406,4441,4441,5406,14721,7718,5842,9106,8637,10968,715,11240,9310,7718,8637,9106,7446,7446,715,715,715,7242,9310,9310,7718,8433,7514,715,715
720,7343,3563,5480,4501,4501,5480,14932,7826,5922,9234,8758,11124,720,11398,9439,7826,8758,9234,7552,7552,720,720,720,7343,9439,9439,7826,8552,7620,720,720
725,7445,3609,5554,4561,4561,5554,15144,7935,6003,9363,8880,11281,725,11557,9570,7935,8880,9363,7659,7659,725,725,725,7445,9570,9570,7935,8673,7728,725,725
730,7547,3656,5629,4622,4622,5629,15358,8044,6084,9493,9003,11439,730,11717,9701,8044,9003,9493,7766,7766,730,730,730,7547,9701,9701,8044,8794,7835,730,730
735,7650,3703,5704,4683,4683,5704,15573,8154,6166,9624,9127,11598,735,11878,9834,8154,9127,9624,7874,7874,735,735,735,7650,9834,9834,8154,8917,7944,735,735
740,7754,3750,5780,4744,4744,5780,15790,8265,6249,9756,9252,11758,740,12040,9967,8265,9252,9756,7983,7983,740,740,740,7754,9967,9967,8265,9040,8053,740,740
745,7858,3798,5856,4806,4806,5856,16008,8377,6332,9889,9378,11919,745,12203,10102,8377,9378,9889,8093,8093,745,745,745,7858,10102,10102,8377,9165,8164,745,745
750,7963,3846,5933,4868,4868,5933,16228,8489,6416,10023,9505,12081,750,12367,10237,8489,9505,10023,8203,8203,750,750,750,7963,10237,10237,8489,9290,8274,750,750
755,8069,3894,6010,4931,4931,6010,16449,8602,6500,10158,9632,12244,755,12532,10374,8602,9632,10158,8314,8314,755,755,755,8069,10374,10374,8602,9416,8386,755,755
760,8176,3943,6088,4994,4994,6088,16672,8716,6585,10294,9760,12409,760,12699,10511,8716,9760,10294,8426,8426,760,760,760,8176,10511,10511,8716,9542,8498,760,760
765,8283,3992,6166,5057,5057,6166,16896,8831,6670,10430,9889,12575,765,12867,10649,8831,9889,10430,8539,8539,765,765,765,8283,10649,10649,8831,9670,8612,765,765
770,8391,4041,6245,5121,5121,6245,17122,8946,6756,10567,10019,12742,770,13036,10787,8946,10019,10567,8652,8652,770,770,770,8391,10787,10787,8946,9798,8725,770,770
775,8500,4090,6324,5185,5185,6324,17349,9062,6842,10705,10150,12910,775,13206,10927,9062,10150,10705,8766,8766,775,775,775,8500,10927,10927,9062,9928,8840,775,775
780,8609,4140,6404,5250,5250,6404,17578,9179,6929,10844,10282,13079,780,13377,11067,9179,10282,10844,8881,8881,780,780,780,8609,11067,11067,9179,10058,8955,780,780
785,8719,4190,6484,5315,5315,6484,17808,9297,7017,10984,10415,13249,785,13549,11209,9297,10415,10984,8997,8997,785,785,785,8719,11209,11209,9297,10190,9072,785,785
790,8830,4240,6565,5380,5380,6565,18040,9415,7105,11125,10548,13420,790,13722,11351,9415,10548,11125,9113,9113,790,790,790,8830,11351,11351,9415,10321,9188,790,790
795,8941,4291,6646,5446,5446,6646,18273,9534,7194,11267,10682,13592,795,13896,11495,9534,10682,11267,9230,9230,795,795,795,8941,11495,11495,9534,10454,9306,795,795
800,9053,4342,6728,5512,5512,6728,18508,9654,7283,11410,10817,13765,800,14071,11639,9654,10817,11410,9348,9348,800,800,800,9053,11639,11639,9654,10587,9424,800,800
805,9166,4393,6810,5579,5579,6810,18744,9775,7373,11554,10953,13939,805,14247,11785,9775,10953,11554,9467,9467,805,805,805,9166,11785,11785,9775,10722,9544,805,805
810,9280,4445,6893,5646,5646,6893,18982,9896,7463,11699,11090,14115,810,14425,11931,9896,11090,11699,9586,9586,810,810,810,9280,11931,11931,9896,10857,9663,810,810
815,9394,4497,6976,5713,5713,6976,19221,10018,7554,11844,11228,14292,815,14604,12078,10018,11228,11844,9706,9706,815,815,815,9394,12078,12078,10018,10994,9784,815,815
820,9509,4549,7060,5781,5781,7060,19462,10141,7645,11990,11366,14470,820,14784,12225,10141,11366,11990,9827,9827,820,820,820,9509,12225,12225,10141,11130,9905,820,820
825,9625,4601,7144,5849,5849,7144,19704,10265,7737,12137,11505,14649,825,14965,12374,10265,11505,12137,9949,9949,825,825,825,9625,12374,12374,10265,11268,10028,825,825
830,9741,4654,7229,5918,5918,7229,19948,10389,7829,12285,11645,14829,830,15147,12523,10389,11645,12285,10071,10071,830,830,830,9741,12523,12523,10389,11406,10150,830,830
835,9858,4707,7314,5987,5987,7314,20193,10514,7922,12434,11786,15010,835,15330,12674,10514,11786,12434,10194,10194,835,835,835,9858,12674,12674,10514,11546,10274,835,835
840,9976,4760,7400,6056,6056,7400,20440,10640,8016,12584,11928,15192,840,15514,12825,10640,11928,12584,10318,10318,840,840,840,9976,12825,12825,10640,11686,10398,840,840
845,10094,4814,7486,6126,6126,7486,20688,10767,8110,12735,12071,15375,845,15699,12978,10767,12071,12735,10443,10443,845,845,845,10094,12978,12978,10767,11828,10524,845,845
850,10213,4868,7573,6196,6196,7573,20938,10894,8205,12887,12215,15559,850,15885,13131,10894,12215,12887,10568,10568,850,850,850,10213,13131,13131,10894,11970,10649,850,850
855,10333,4922,7660,6267,6267,7660,21189,11022,8300,13040,12359,15744,855,16072,13286,11022,12359,13040,10694,10694,855,855,855,10333,13286,13286,11022,12113,10776,855,855
860,10454,4977,7748,6338,6338,7748,21442,11151,8396,13194,12504,15931,860,16261,13441,11151,12504,13194,10821,10821,860,860,860,10454,13441,13441,11151,12256,10903,860,860
865,10575,5032,7836,6409,6409,7836,21696,11281,8492,13348,12650,16119,865,16451,13597,11281,12650,13348,10949,10949,865,865,865,10575,13597,13597,11281,12401,11032,865,865
870,10697,5087,7925,6481,6481,7925,21952,11411,8589,13503,12797,16308,870,16642,13753,11411,12797,13503,11077,11077,870,870,870,10697,13753,13753,11411,12546,11160,870,870
875,10820,5142,8014,6553,6553,8014,22209,11542,8686,13659,12945,16498,875,16834,13911,11542,12945,13659,11206,11206,875,875,875,10820,13911,13911,11542,12693,11290,875,875
880,10943,5198,8104,6626,6626,8104,22468,11674,8784,13816,13094,16689,880,17027,14069,11674,13094,13816,11336,11336,880,880,880,10943,14069,14069,11674,12840,11420,880,880
885,11067,5254,8194,6699,6699,8194,22728,11807,8883,13974,13244,16881,885,17221,14229,11807,13244,13974,11467,11467,885,885,885,11067,14229,14229,11807,12989,11552,885,885
890,11192,5310,8285,6772,6772,8285,22990,11940,8982,14133,13394,17074,890,17416,14389,11940,13394,14133,11598,11598,890,890,890,11192,14389,14389,11940,13137,11683,890,890
895,11317,5367,8376,6846,6846,8376,23253,12074,9082,14293,13545,17268,895,17612,14551,12074,13545,14293,11730,11730,895,895,895,11317,14551,14551,12074,13287,11816,895,895
900,11443,5424,8468,6920,6920,8468,23518,12209,9182,14454,13697,17463,900,17809,14713,12209,13697,14454,11863,11863,900,900,900,11443,14713,14713,12209,13437,11949,900,900
905,11570,5481,8560,6995,6995,8560,23784,12345,9283,14616,13850,17659,905,18007,14877,12345,13850,14616,11997,11997,905,905,905,11570,14877,14877,12345,13589,12084,905,905
910,11698,5539,8653,7070,7070,8653,24052,12481,9384,14779,14004,17857,910,18207,15041,12481,14004,14779,12131,12131,910,910,910,11698,15041,15041,12481,13741,12218,910,910
915,11826,5597,8746,7145,7145,8746,24321,12618,9486,14942,14159,18056,915,18408,15206,12618,14159,14942,12266,12266,915,915,915,11826,15206,15206,12618,13895,12354,915,915
920,11955,5655,8840,7221,7221,8840,24592,12756,9588,15106,14314,18256,920,18610,15371,12756,14314,15106,12402,12402,920,920,920,11955,15371,15371,12756,14048,12490,920,920
925,12085,5713,8934,7297,7297,8934,24864,12895,9691,15271,14470,18457,925,18813,15538,12895,14470,15271,12539,12539,925,925,925,12085,15538,15538,12895,14203,12628,925,925
930,12215,5772,9029,7374,7374,9029,25138,13034,9794,15437,14627,18659,930,19017,15705,13034,14627,15437,12676,12676,930,930,930,12215,15705,15705,13034,14358,12765,930,930
935,12346,5831,9124,7451,7451,9124,25413,13174,9898,15604,14785,18862,935,19222,15874,13174,14785,15604,12814,12814,935,935,935,12346,15874,15874,13174,14515,12904,935,935
940,12478,5890,9220,7528,7528,9220,25690,13315,10003,15772,14944,19066,940,19428,16043,13315,14944,15772,12953,12953,940,940,940,12478,16043,16043,13315,14672,13043,940,940
945,12610,5950,9316,7606,7606,9316,25968,13457,10108,15941,15104,19271,945,19635,16214,13457,15104,15941,13093,13093,945,945,945,12610,16214,16214,13457,14831,13184,945,945
950,12743,6010,9413,7684,7684,9413,26248,13599,10214,16111,15265,19477,950,19843,16385,13599,15265,16111,13233,13233,950,950,950,12743,16385,16385,13599,14990,13324,950,950
955,12877,6070,9510,7763,7763,9510,26529,13742,10320,16282,15426,19684,955,20052,16558,13742,15426,16282,13374,13374,955,955,955,12877,16558,16558,13742,15150,13466,955,955
960,13012,6131,9608,7842,7842,9608,26812,13886,10427,16454,15588,19893,960,20263,16731,13886,15588,16454,13516,13516,960,960,960,13012,16731,16731,13886,15310,13608,960,960
965,13147,6192,9706,7921,7921,9706,27096,14031,10534,16626,15751,20103,965,20475,16905,14031,15751,16626,13659,13659,965,965,965,13147,16905,16905,14031,15472,13752,965,965
970,13283,6253,9805,8001,8001,9805,27382,14176,10642,16799,15915,20314,970,20688,17079,14176,15915,16799,13802,13802,970,970,970,13283,17079,17079,14176,15634,13895,970,970
975,13420,6314,9904,8081,8081,9904,27669,14322,10750,16973,16080,20526,975,20902,17255,14322,16080,16973,13946,13946,975,975,975,13420,17255,17255,14322,15798,14040,975,975
980,13557,6376,10004,8162,8162,10004,27958,14469,10859,17148,16246,20739,980,21117,17431,14469,16246,17148,14091,14091,980,980,980,13557,17431,17431,14469,15962,14185,980,980
985,13695,6438,10104,8243,8243,10104,28248,14617,10969,17324,16413,20953,985,21333,17609,14617,16413,17324,14237,14237,985,985,985,13695,17609,17609,14617,16128,14332,985,985
990,13834,6500,10205,8324,8324,10205,28540,14765,11079,17501,16580,21168,990,21550,17787,14765,16580,17501,14383,14383,990,990,990,13834,17787,17787,14765,16293,14478,990,990
995,13973,6563,10306,8406,8406,10306,28833,14914,11190,17679,16748,21384,995,21768,17967,14914,16748,17679,14530,14530,995,995,995,13973,17967,17967,14914,16460,14626,995,995
1000,14113,6626,10408,8488,8488,10408,29128,15064,11301,17858,16917,21601,1000,21987,18147,15064,16917,17858,14678,14678,1000,1000,1000,14113,18147,18147,15064,16627,14774,1000,1000
1005,14254,6689,10510,8571,8571,10510,29424,15215,11413,18038,17087,21819,1005,22207,18329,15215,17087,18038,14827,14827,1005,1005,1005,14254,18329,18329,15215,16796,14924,1005,1005
1010,14396,6753,10613,8654,8654,10613,29722,15366,11525,18219,17258,22039,1010,22429,18511,15366,17258,18219,14976,14976,1010,1010,1010,14396,18511,18511,15366,16965,15073,1010,1010
1015,14538,6817,10716,8737,8737,10716,30021,15518,11638,18400,17430,22260,1015,22652,18694,15518,17430,18400,15126,15126,1015,1015,1015,14538,18694,18694,15518,17136,15224,1015,1015
1020,14681,6881,10820,8821,8821,10820,30322,15671,11751,18582,17602,22482,1020,22876,18877,15671,17602,18582,15277,15277,1020,1020,1020,14681,18877,18877,15671,17306,15375,1020,1020
1025,14825,6945,10924,8905,8905,10924,30624,15825,11865,18765,17775,22705,1025,23101,19062,15825,17775,18765,15429,15429,1025,1025,1025,14825,19062,19062,15825,17478,15528,1025,1025
1030,14969,7010,11029,8990,8990,11029,30928,15979,11979,18949,17949,22929,1030,23327,19247,15979,17949,18949,15581,15581,1030,1030,1030,14969,19247,19247,15979,17650,15680,1030,1030
1035,15114,7075,11134,9075,9075,11134,31233,16134,12094,19134,18124,23154,1035,23554,19434,16134,18124,19134,15734,15734,1035,1035,1035,15114,19434,19434,16134,17824,15834,1035,1035
1040,15260,7140,11240,9160,9160,11240,31540,16290,12210,19320,18300,23380,1040,23782,19621,16290,18300,19320,15888,15888,1040,1040,1040,15260,19621,19621,16290,17998,15988,1040,1040
1045,15406,7206,11346,9246,9246,11346,31848,16447,12326,19507,18477,23607,1045,24011,19810,16447,18477,19507,16043,16043,1045,1045,1045,15406,19810,19810,16447,18174,16144,1045,1045
1050,15553,7272,11453,9332,9332,11453,32158,16604,12443,19695,18655,23835,1050,24241,19999,16604,18655,19695,16198,16198,1050,1050,1050,15553,19999,19999,16604,18350,16299,1050,1050
1055,15701,7338,11560,9419,9419,11560,32469,16762,12560,19884,18833,24064,1055,24472,20190,16762,18833,19884,16354,16354,1055,1055,1055,15701,20190,20190,16762,18527,16456,1055,1055
1060,15850,7405,11668,9506,9506,11668,32782,16921,12678,20074,19012,24295,1060,24705,20381,16921,19012,20074,16511,16511,1060,1060,1060,15850,20381,20381,16921,18704,16613,1060,1060
1065,15999,7472,11776,9593,9593,11776,33096,17081,12796,20264,19192,24527,1065,24939,20573,17081,19192,20264,16669,16669,1065,1065,1065,15999,20573,20573,17081,18883,16772,1065,1065
1070,16149,7539,11885,9681,9681,11885,33412,17241,12915,20455,19373,24760,1070,25174,20765,17241,19373,20455,16827,16827,1070,1070,1070,16149,20765,20765,17241,19062,16930,1070,1070
1075,16300,7606,11994,9769,9769,11994,33729,17402,13034,20647,19555,24994,1075,25410,20959,17402,19555,20647,16986,16986,1075,1075,1075,16300,20959,20959,17402,19243,17090,1075,1075
1080,16451,7674,12104,9858,9858,12104,34048,17564,13154,20840,19738,25229,1080,25647,21153,17564,19738,20840,17146,17146,1080,1080,1080,16451,21153,21153,17564,19424,17250,1080,1080
1085,16603,7742,12214,9947,9947,12214,34368,17727,13275,21034,19922,25465,1085,25885,21349,17727,19922,21034,17307,17307,1085,1085,1085,16603,21349,21349,17727,19607,17412,1085,1085
1090,16756,7810,12325,10036,10036,12325,34690,17890,13396,21229,20106,25702,1090,26124,21545,17890,20106,21229,17468,17468,1090,1090,1090,16756,21545,21545,17890,19789,17573,1090,1090
1095,16909,7879,12436,10126,10126,12436,35013,18054,13518,21425,20291,25940,1095,26364,21743,18054,20291,21425,17630,17630,1095,1095,1095,16909,21743,21743,18054,19973,17736,1095,1095
1100,17063,7948,12548,10216,10216,12548,35338,18219,13640,21622,20477,26179,1100,26605,21941,18219,20477,21622,17793,17793,1100,1100,1100,17063,21941,21941,18219,20157,17899,1100,1100
1105,17218,8017,12660,10307,10307,12660,35664,18385,13763,21820,20664,26419,1105,26847,22141,18385,20664,21820,17957,17957,1105,1105,1105,17218,22141,22141,18385,20343,18064,1105,1105
1110,17374,8087,12773,10398,10398,12773,35992,18551,13886,22019,20852,26661,1110,27091,22341,18551,20852,22019,18121,18121,1110,1110,1110,17374,22341,22341,18551,20529,18228,1110,1110
1115,17530,8157,12886,10489,10489,12886,36321,18718,14010,22218,21041,26904,1115,27336,22542,18718,21041,22218,18286,18286,1115,1115,1115,17530,22542,22542,18718,20717,18394,1115,1115
1120,17687,8227,13000,10581,10581,13000,36652,18886,14134,22418,21230,27148,1120,27582,22743,18886,21230,22418,18452,18452,1120,1120,1120,17687,22743,22743,18886,20904,18560,1120,1120
1125,17845,8297,13114,10673,10673,13114,36984,19055,14259,22619,21420,27393,1125,27829,22946,19055,21420,22619,18619,18619,1125,1125,1125,17845,22946,22946,19055,21093,18728,1125,1125
1130,18003,8368,13229,10766,10766,13229,37318,19224,14384,22821,21611,27639,1130,28077,23149,19224,21611,22821,18786,18786,1130,1130,1130,18003,23149,23149,19224,21282,18895,1130,1130
1135,18162,8439,13344,10859,10859,13344,37653,19394,14510,23024,21803,27886,1135,28326,23354,19394,21803,23024,18954,18954,1135,1135,1135,18162,23354,23354,19394,21473,19064,1135,1135
1140,18322,8510,13460,10952,10952,13460,37990,19565,14637,23228,21996,28134,1140,28576,23559,19565,21996,23228,19123,19123,1140,1140,1140,18322,23559,23559,19565,21664,19233,1140,1140
1145,18482,8582,13576,11046,11046,13576,38328,19737,14764,23433,22190,28383,1145,28827,23766,19737,22190,23433,19293,19293,1145,1145,1145,18482,23766,23766,19737,21857,19404,1145,1145
1150,18643,8654,13693,11140,11140,13693,38668,19909,14892,23639,22385,28633,1150,29079,23973,19909,22385,23639,19463,19463,1150,1150,1150,18643,23973,23973,19909,22050,19574,1150,1150
1155,18805,8726,13810,11235,11235,13810,39009,20082,15020,23846,22580,28884,1155,29332,24182,20082,22580,23846,19634,19634,1155,1155,1155,18805,24182,24182,20082,22244,19746,1155,1155
1160,18968,8799,13928,11330,11330,13928,39352,20256,15149,24054,22776,29137,1160,29587,24391,20256,22776,24054,19806,19806,1160,1160,1160,18968,24391,24391,20256,22438,19918,1160,1160
1165,19131,8872,14046,11425,11425,14046,39696,20431,15278,24262,22973,29391,1165,29843,24601,20431,22973,24262,19979,19979,1165,1165,1165,19131,24601,24601,20431,22634,20092,1165,1165
1170,19295,8945,14165,11521,11521,14165,40042,20606,15408,24471,23171,29646,1170,30100,24811,20606,23171,24471,20152,20152,1170,1170,1170,19295,24811,24811,20606,22830,20265,1170,1170
1175,19460,9018,14284,11617,11617,14284,40389,20782,15538,24681,23370,29902,1175,30358,25023,20782,23370,24681,20326,20326,1175,1175,1175,19460,25023,25023,20782,23028,20440,1175,1175
1180,19625,9092,14404,11714,11714,14404,40738,20959,15669,24892,23570,30159,1180,30617,25235,20959,23570,24892,20501,20501,1180,1180,1180,19625,25235,25235,20959,23226,20615,1180,1180
1185,19791,9166,14524,11811,11811,14524,41088,21137,15801,25104,23771,30417,1185,30877,25449,21137,23771,25104,20677,20677,1185,1185,1185,19791,25449,25449,21137,23426,20792,1185,1185
1190,19958,9240,14645,11908,11908,14645,41440,21315,15933,25317,23972,30676,1190,31138,25663,21315,23972,25317,20853,20853,1190,1190,1190,19958,25663,25663,21315,23625,20968,1190,1190
1195,20125,9315,14766,12006,12006,14766,41793,21494,16066,25531,24174,30936,1195,31400,25879,21494,24174,25531,21030,21030,1195,1195,1195,20125,25879,25879,21494,23826,21146,1195,1195
1200,20293,9390,14888,12104,12104,14888,42148,21674,16199,25746,24377,31197,1200,31663,26095,21674,24377,25746,21208,21208,1200,1200,1200,20293,26095,26095,21674,24027,21324,1200,1200
1205,20462,9465,15010,12203,12203,15010,42504,21855,16333,25962,24581,31459,1205,31927,26313,21855,24581,25962,21387,21387,1205,1205,1205,20462,26313,26313,21855,24230,21504,1205,1205
1210,20632,9541,15133,12302,12302,15133,42862,22036,16467,26179,24786,31723,1210,32193,26531,22036,24786,26179,21566,21566,1210,1210,1210,20632,26531,26531,22036,24433,21683,1210,1210
1215,20802,9617,15256,12401,12401,15256,43221,22218,16602,26396,24992,31988,1215,32460,26750,22218,24992,26396,21746,21746,1215,1215,1215,20802,26750,26750,22218,24638,21864,1215,1215
1220,20973,9693,15380,12501,12501,15380,43582,22401,16737,26614,25198,32254,1220,32728,26969,22401,25198,26614,21927,21927,1220,1220,1220,20973,26969,26969,22401,24842,22045,1220,1220
1225,21145,9769,15504,12601,12601,15504,43944,22585,16873,26833,25405,32521,1225,32997,27190,22585,25405,26833,22109,22109,1225,1225,1225,21145,27190,27190,22585,25048,22228,1225,1225
1230,21317,9846,15629,12702,12702,15629,44308,22769,17009,27053,25613,32789,1230,33267,27411,22769,25613,27053,22291,22291,1230,1230,1230,21317,27411,27411,22769,25254,22410,1230,1230
1235,21490,9923,15754,12803,12803,15754,44673,22954,17146,27274,25822,33058,1235,33538,27634,22954,25822,27274,22474,22474,1235,1235,1235,21490,27634,27634,22954,25462,22594,1235,1235
1240,21664,10000,15880,12904,12904,15880,45040,23140,17284,27496,26032,33328,1240,33810,27857,23140,26032,27496,22658,22658,1240,1240,1240,21664,27857,27857,23140,25670,22778,1240,1240
1245,21838,10078,16006,13006,13006,16006,45408,23327,17422,27719,26243,33599,1245,34083,28082,23327,26243,27719,22843,22843,1245,1245,1245,21838,28082,28082,23327,25880,22964,1245,1245
1250,22013,10156,16133,13108,13108,16133,45778,23514,17561,27943,26455,33871,1250,34357,28307,23514,26455,27943,23028,23028,1250,1250,1250,22013,28307,28307,23514,26090,23149,1250,1250
1255,22189,10234,16260,13211,13211,16260,46149,23702,17700,28168,26667,34144,1255,34632,28534,23702,26667,28168,23214,23214,1255,1255,1255,22189,28534,28534,23702,26301,23336,1255,1255
1260,22366,10313,16388,13314,13314,16388,46522,23891,17840,28394,26880,34419,1260,34909,28761,23891,26880,28394,23401,23401,1260,1260,1260,22366,28761,28761,23891,26512,23523,1260,1260
1265,22543,10392,16516,13417,13417,16516,46896,24081,17980,28620,27094,34695,1265,35187,28989,24081,27094,28620,23589,23589,1265,1265,1265,22543,28989,28989,24081,26725,23712,1265,1265
1270,22721,10471,16645,13521,13521,16645,47272,24271,18121,28847,27309,34972,1270,35466,29217,24271,27309,28847,23777,23777,1270,1270,1270,22721,29217,29217,24271,26938,23900,1270,1270
1275,22900,10550,16774,13625,13625,16774,47649,24462,18262,29075,27525,35250,1275,35746,29447,24462,27525,29075,23966,23966,1275,1275,1275,22900,29447,29447,24462,27153,24090,1275,1275
1280,23079,10630,16904,13730,13730,16904,48028,24654,18404,29304,27742,35529,1280,36027,29677,24654,27742,29304,24156,24156,1280,1280,1280,23079,29677,29677,24654,27368,24280,1280,1280
1285,23259,10710,17034,13835,13835,17034,48408,24847,18547,29534,27960,35809,1285,36309,29909,24847,27960,29534,24347,24347,1285,1285,1285,23259,29909,29909,24847,27585,24472,1285,1285
1290,23440,10790,17165,13940,13940,17165,48790,25040,18690,29765,28178,36090,1290,36592,30141,25040,28178,29765,24538,24538,1290,1290,1290,23440,30141,30141,25040,27801,24663,1290,1290
1295,23621,10871,17296,14046,14046,17296,49173,25234,18834,29997,28397,36372,1295,36876,30375,25234,28397,29997,24730,24730,1295,1295,1295,23621,30375,30375,25234,28019,24856,1295,1295
1300,23803,10952,17428,14152,14152,17428,49558,25429,18978,30230,28617,36655,1300,37161,30609,25429,28617,30230,24923,24923,1300,1300,1300,23803,30609,30609,25429,28237,25049,1300,1300
1305,23986,11033,17560,14259,14259,17560,49944,25625,19123,30464,28838,36939,1305,37447,30845,25625,28838,30464,25117,25117,1305,1305,1305,23986,30845,30845,25625,28457,25244,1305,1305
1310,24170,11115,17693,14366,14366,17693,50332,25821,19268,30699,29060,37225,1310,37735,31081,25821,29060,30699,25311,25311,1310,1310,1310,24170,31081,31081,25821,28677,25438,1310,1310
