//基本SPデータベース
//NV,SM,MG,AC,AL,MC,TF,KN,PR,WZ,BS,HT,AS,CR,MO,SA,RG,AM,BA,DC,SNV,TK,SG,SL,GS,NJ,MB,DK,DA,RK,WL,RA,AB,NC,GC,LG,SO,MI,WA,SR,GN,SC,ESNV,KG,OB,RB,SU,SE,RE
11,12,16,12,15,13,12,13,18,19,14,14,14,14,14,17,15,14,16,16,11,12,14,19,13,14,-1,-1,-1,-1,-1,-1,-1,-1,-1,-1,-1,-1,-1,-1,-1,-1,-1,-1,-1,-1,8,-1,-1
12,14,22,14,20,16,14,16,26,28,18,18,18,19,19,24,20,18,22,22,12,14,19,28,16,17,-1,-1,-1,-1,-1,-1,-1,-1,-1,-1,-1,-1,-1,-1,-1,-1,-1,-1,-1,-1,10,-1,-1
13,16,28,16,25,19,16,19,34,37,22,22,22,24,24,31,25,22,28,28,13,16,24,37,19,20,-1,-1,-1,-1,-1,-1,-1,-1,-1,-1,-1,-1,-1,-1,-1,-1,-1,-1,-1,-1,13,-1,-1
14,18,34,18,30,22,18,22,42,46,26,26,26,28,28,38,30,26,34,34,14,18,28,46,22,23,-1,-1,-1,-1,-1,-1,-1,-1,-1,-1,-1,-1,-1,-1,-1,-1,-1,-1,-1,-1,15,-1,-1
15,20,40,20,35,25,20,25,50,55,30,30,30,33,33,45,35,30,40,40,15,20,33,55,25,26,-1,-1,-1,-1,-1,-1,-1,-1,-1,-1,-1,-1,-1,-1,-1,-1,-1,-1,-1,-1,18,-1,-1
16,22,46,22,40,28,22,28,58,64,34,34,34,38,38,52,40,34,46,46,16,22,38,64,28,29,-1,-1,-1,-1,-1,-1,-1,-1,-1,-1,-1,-1,-1,-1,-1,-1,-1,-1,-1,-1,20,-1,-1
17,24,52,24,45,31,24,31,66,73,38,38,38,42,42,59,45,38,52,52,17,24,42,73,31,32,-1,-1,-1,-1,-1,-1,-1,-1,-1,-1,-1,-1,-1,-1,-1,-1,-1,-1,-1,-1,23,-1,-1
18,26,58,26,50,34,26,34,74,82,42,42,42,47,47,66,50,42,58,58,18,26,47,82,34,35,-1,-1,-1,-1,-1,-1,-1,-1,-1,-1,-1,-1,-1,-1,-1,-1,-1,-1,-1,-1,25,-1,-1
19,28,64,28,55,37,28,37,82,91,46,46,46,52,52,73,55,46,64,64,19,28,52,91,37,38,-1,-1,-1,-1,-1,-1,-1,-1,-1,-1,-1,-1,-1,-1,-1,-1,-1,-1,-1,-1,28,-1,-1
20,30,70,30,60,40,30,40,90,100,50,50,50,57,57,80,60,50,70,70,20,30,57,100,40,41,-1,-1,-1,-1,-1,-1,-1,-1,-1,-1,-1,-1,-1,-1,-1,-1,-1,-1,-1,-1,30,-1,-1
21,32,76,32,65,43,32,43,98,109,54,54,54,61,61,87,65,54,76,76,21,32,61,109,43,44,-1,-1,-1,-1,-1,-1,-1,-1,-1,-1,-1,-1,-1,-1,-1,-1,-1,-1,-1,-1,33,-1,-1
22,34,82,34,70,46,34,46,106,118,58,58,58,66,66,94,70,58,82,82,22,34,66,118,46,47,-1,-1,-1,-1,-1,-1,-1,-1,-1,-1,-1,-1,-1,-1,-1,-1,-1,-1,-1,-1,35,-1,-1
23,36,88,36,75,49,36,49,114,127,62,62,62,71,71,101,75,62,88,88,23,36,71,127,49,50,-1,-1,-1,-1,-1,-1,-1,-1,-1,-1,-1,-1,-1,-1,-1,-1,-1,-1,-1,-1,38,-1,-1
24,38,94,38,80,52,38,52,122,136,66,66,66,75,75,108,80,66,94,94,24,38,75,136,52,53,-1,-1,-1,-1,-1,-1,-1,-1,-1,-1,-1,-1,-1,-1,-1,-1,-1,-1,-1,-1,40,-1,-1
25,40,100,40,85,55,40,55,130,145,70,70,70,80,80,115,85,70,100,100,25,40,80,145,55,56,-1,-1,-1,-1,-1,-1,-1,-1,-1,-1,-1,-1,-1,-1,-1,-1,-1,-1,-1,-1,43,-1,-1
26,42,106,42,90,58,42,58,138,154,74,74,74,85,85,122,90,74,106,106,26,42,85,154,58,59,-1,-1,-1,-1,-1,-1,-1,-1,-1,-1,-1,-1,-1,-1,-1,-1,-1,-1,-1,-1,45,-1,-1
27,44,112,44,95,61,44,61,146,163,78,78,78,89,89,129,95,78,112,112,27,44,89,163,61,62,-1,-1,-1,-1,-1,-1,-1,-1,-1,-1,-1,-1,-1,-1,-1,-1,-1,-1,-1,-1,48,-1,-1
28,46,118,46,100,64,46,64,154,172,82,82,82,94,94,136,100,82,118,118,28,46,94,172,64,65,-1,-1,-1,-1,-1,-1,-1,-1,-1,-1,-1,-1,-1,-1,-1,-1,-1,-1,-1,-1,50,-1,-1
29,48,124,48,105,67,48,67,162,181,86,86,86,99,99,143,105,86,124,124,29,48,99,181,67,68,-1,-1,-1,-1,-1,-1,-1,-1,-1,-1,-1,-1,-1,-1,-1,-1,-1,-1,-1,-1,53,-1,-1
30,50,130,50,110,70,50,70,170,190,90,90,90,104,104,150,110,90,130,130,30,50,104,190,70,71,-1,-1,-1,-1,-1,-1,-1,-1,-1,-1,-1,-1,-1,-1,-1,-1,-1,-1,-1,-1,55,-1,-1
31,52,136,52,115,73,52,73,178,199,94,94,94,108,108,157,115,94,136,136,31,52,108,199,73,75,-1,-1,-1,-1,-1,-1,-1,-1,-1,-1,-1,-1,-1,-1,-1,-1,-1,-1,-1,-1,58,-1,-1
32,54,142,54,120,76,54,76,186,208,98,98,98,113,113,164,120,98,142,142,32,54,113,208,76,79,-1,-1,-1,-1,-1,-1,-1,-1,-1,-1,-1,-1,-1,-1,-1,-1,-1,-1,-1,-1,60,-1,-1
33,56,148,56,125,79,56,79,194,217,102,102,102,118,118,171,125,102,148,148,33,56,118,217,79,83,-1,-1,-1,-1,-1,-1,-1,-1,-1,-1,-1,-1,-1,-1,-1,-1,-1,-1,-1,-1,63,-1,-1
34,58,154,58,130,82,58,82,202,226,106,106,106,122,122,178,130,106,154,154,34,58,122,226,82,87,-1,-1,-1,-1,-1,-1,-1,-1,-1,-1,-1,-1,-1,-1,-1,-1,-1,-1,-1,-1,65,-1,-1
35,60,160,60,135,85,60,85,210,235,110,110,110,127,127,185,135,110,160,160,35,60,127,235,85,91,-1,-1,-1,-1,-1,-1,-1,-1,-1,-1,-1,-1,-1,-1,-1,-1,-1,-1,-1,-1,68,-1,-1
36,62,166,62,140,88,62,88,218,244,114,114,114,132,132,192,140,114,166,166,36,62,132,244,89,95,-1,-1,-1,-1,-1,-1,-1,-1,-1,-1,-1,-1,-1,-1,-1,-1,-1,-1,-1,-1,70,-1,-1
37,64,172,64,145,91,64,91,226,253,118,118,118,136,136,199,145,118,172,172,37,64,136,253,93,99,-1,-1,-1,-1,-1,-1,-1,-1,-1,-1,-1,-1,-1,-1,-1,-1,-1,-1,-1,-1,73,-1,-1
38,66,178,66,150,94,66,94,234,262,122,122,122,141,141,206,150,122,178,178,38,66,141,262,97,103,-1,-1,-1,-1,-1,-1,-1,-1,-1,-1,-1,-1,-1,-1,-1,-1,-1,-1,-1,-1,75,-1,-1
39,68,184,68,155,97,68,97,242,271,126,126,126,146,146,213,155,126,184,184,39,68,146,271,101,107,-1,-1,-1,-1,-1,-1,-1,-1,-1,-1,-1,-1,-1,-1,-1,-1,-1,-1,-1,-1,78,-1,-1
40,70,190,70,160,100,70,100,250,280,130,130,130,151,151,220,160,130,190,190,40,70,151,280,105,111,-1,-1,-1,-1,-1,-1,-1,-1,-1,-1,-1,-1,-1,-1,-1,-1,-1,-1,-1,-1,80,-1,-1
41,72,196,72,165,103,72,103,258,289,134,134,134,155,155,227,165,134,196,196,41,72,155,289,109,115,-1,-1,-1,-1,-1,-1,-1,-1,-1,-1,-1,-1,-1,-1,-1,-1,-1,-1,-1,-1,83,-1,-1
42,74,202,74,170,106,74,106,266,298,138,138,138,160,160,234,170,138,202,202,42,74,160,298,113,119,-1,-1,-1,-1,-1,-1,-1,-1,-1,-1,-1,-1,-1,-1,-1,-1,-1,-1,-1,-1,85,-1,-1
43,76,208,76,175,109,76,109,274,307,142,142,142,165,165,241,175,142,208,208,43,76,165,307,117,123,-1,-1,-1,-1,-1,-1,-1,-1,-1,-1,-1,-1,-1,-1,-1,-1,-1,-1,-1,-1,88,-1,-1
44,78,214,78,180,112,78,112,282,316,146,146,146,169,169,248,180,146,214,214,44,78,169,316,121,127,-1,-1,-1,-1,-1,-1,-1,-1,-1,-1,-1,-1,-1,-1,-1,-1,-1,-1,-1,-1,90,-1,-1
45,80,220,80,185,115,80,115,290,325,150,150,150,174,174,255,185,150,220,220,45,80,174,325,125,131,-1,-1,-1,-1,-1,-1,-1,-1,-1,-1,-1,-1,-1,-1,-1,-1,-1,-1,-1,-1,93,-1,-1
46,82,226,82,190,118,82,118,298,334,154,154,154,179,179,262,190,154,226,226,46,82,179,334,129,135,-1,-1,-1,-1,-1,-1,-1,-1,-1,-1,-1,-1,-1,-1,-1,-1,-1,-1,-1,-1,95,-1,-1
47,84,232,84,195,121,84,121,306,343,158,158,158,183,183,269,195,158,232,232,47,84,183,343,132,139,-1,-1,-1,-1,-1,-1,-1,-1,-1,-1,-1,-1,-1,-1,-1,-1,-1,-1,-1,-1,98,-1,-1
48,86,238,86,200,124,86,124,314,352,162,162,162,188,188,276,200,162,238,238,48,86,188,352,135,143,-1,-1,-1,-1,-1,-1,-1,-1,-1,-1,-1,-1,-1,-1,-1,-1,-1,-1,-1,-1,100,-1,-1
49,88,244,88,205,127,88,127,322,361,166,166,166,193,193,283,205,166,244,244,49,88,193,361,138,147,-1,-1,-1,-1,-1,-1,-1,-1,-1,-1,-1,-1,-1,-1,-1,-1,-1,-1,-1,-1,103,-1,-1
50,90,250,90,210,130,90,130,330,370,170,170,170,198,198,290,210,170,250,250,50,90,198,370,141,151,-1,-1,-1,-1,-1,-1,-1,-1,-1,-1,-1,-1,-1,-1,-1,-1,-1,-1,-1,-1,105,-1,-1
51,92,256,92,215,133,92,133,338,379,174,174,174,202,202,297,215,174,256,256,51,92,202,379,145,156,-1,-1,-1,-1,-1,-1,-1,-1,-1,-1,-1,-1,-1,-1,-1,-1,-1,-1,-1,-1,108,-1,-1
52,94,262,94,220,136,94,136,346,388,178,178,178,207,207,304,220,178,262,262,52,94,207,388,149,161,-1,-1,-1,-1,-1,-1,-1,-1,-1,-1,-1,-1,-1,-1,-1,-1,-1,-1,-1,-1,110,-1,-1
53,96,268,96,225,139,96,139,354,397,182,182,182,212,212,311,225,182,268,268,53,96,212,397,153,166,-1,-1,-1,-1,-1,-1,-1,-1,-1,-1,-1,-1,-1,-1,-1,-1,-1,-1,-1,-1,113,-1,-1
54,98,274,98,230,142,98,142,362,406,186,186,186,216,216,318,230,186,274,274,54,98,216,406,157,171,-1,-1,-1,-1,-1,-1,-1,-1,-1,-1,-1,-1,-1,-1,-1,-1,-1,-1,-1,-1,115,-1,-1
55,100,280,100,235,145,100,145,370,415,190,190,190,221,221,325,235,190,280,280,55,100,221,415,161,176,-1,-1,-1,-1,-1,-1,-1,-1,-1,-1,-1,-1,-1,-1,-1,-1,-1,-1,-1,-1,118,-1,-1
56,102,286,102,240,148,102,148,378,424,194,194,194,226,226,332,240,194,286,286,56,102,226,424,165,181,-1,-1,-1,-1,-1,-1,-1,-1,-1,-1,-1,-1,-1,-1,-1,-1,-1,-1,-1,-1,120,-1,-1
57,104,292,104,245,151,104,151,386,433,198,198,198,230,230,339,245,198,292,292,57,104,230,433,169,186,-1,-1,-1,-1,-1,-1,-1,-1,-1,-1,-1,-1,-1,-1,-1,-1,-1,-1,-1,-1,123,-1,-1
58,106,298,106,250,154,106,154,394,442,202,202,202,235,235,346,250,202,298,298,58,106,235,442,173,191,-1,-1,-1,-1,-1,-1,-1,-1,-1,-1,-1,-1,-1,-1,-1,-1,-1,-1,-1,-1,125,-1,-1
59,108,304,108,255,157,108,157,402,451,206,206,206,240,240,353,255,206,304,304,59,108,240,451,177,196,-1,-1,-1,-1,-1,-1,-1,-1,-1,-1,-1,-1,-1,-1,-1,-1,-1,-1,-1,-1,128,-1,-1
60,110,310,110,260,160,110,160,410,460,210,210,210,245,245,360,260,210,310,310,60,110,245,460,181,201,-1,-1,-1,-1,-1,-1,-1,-1,-1,-1,-1,-1,-1,-1,-1,-1,-1,-1,-1,-1,130,-1,-1
61,112,316,112,265,163,112,163,418,469,214,214,214,249,249,367,265,214,316,316,61,112,249,469,186,206,-1,-1,-1,-1,-1,-1,-1,-1,-1,-1,-1,-1,-1,-1,-1,-1,-1,-1,-1,-1,133,-1,-1
62,114,322,114,270,166,114,166,426,478,218,218,218,254,254,374,270,218,322,322,62,114,254,478,191,211,-1,-1,-1,-1,-1,-1,-1,-1,-1,-1,-1,-1,-1,-1,-1,-1,-1,-1,-1,-1,135,-1,-1
63,116,328,116,275,169,116,169,434,487,222,222,222,259,259,381,275,222,328,328,63,116,259,487,196,216,-1,-1,-1,-1,-1,-1,-1,-1,-1,-1,-1,-1,-1,-1,-1,-1,-1,-1,-1,-1,138,-1,-1
64,118,334,118,280,172,118,172,442,496,226,226,226,263,263,388,280,226,334,334,64,118,263,496,201,221,-1,-1,-1,-1,-1,-1,-1,-1,-1,-1,-1,-1,-1,-1,-1,-1,-1,-1,-1,-1,140,-1,-1
65,120,340,120,285,175,120,175,450,505,230,230,230,268,268,395,285,230,340,340,65,120,268,505,206,226,-1,-1,-1,-1,-1,-1,-1,-1,-1,-1,-1,-1,-1,-1,-1,-1,-1,-1,-1,-1,143,-1,-1
66,122,346,122,290,178,122,178,458,514,234,234,234,273,273,402,290,234,346,346,66,122,273,514,211,231,-1,-1,-1,-1,-1,-1,-1,-1,-1,-1,-1,-1,-1,-1,-1,-1,-1,-1,-1,-1,145,-1,-1
67,124,352,124,295,181,124,181,466,523,238,238,238,277,277,409,295,238,352,352,67,124,277,523,216,236,-1,-1,-1,-1,-1,-1,-1,-1,-1,-1,-1,-1,-1,-1,-1,-1,-1,-1,-1,-1,148,-1,-1
68,126,358,126,300,184,126,184,474,532,242,242,242,282,282,416,300,242,358,358,68,126,282,532,221,241,-1,-1,-1,-1,-1,-1,-1,-1,-1,-1,-1,-1,-1,-1,-1,-1,-1,-1,-1,-1,150,-1,-1
69,128,364,128,305,187,128,187,482,541,246,246,246,287,287,423,305,246,364,364,69,128,287,541,226,246,-1,-1,-1,-1,-1,-1,-1,-1,-1,-1,-1,-1,-1,-1,-1,-1,-1,-1,-1,-1,153,-1,-1
70,130,370,130,310,190,130,190,490,550,250,250,250,292,292,430,310,250,370,370,70,130,292,550,231,251,-1,-1,-1,-1,-1,-1,-1,-1,-1,-1,-1,-1,-1,-1,-1,-1,-1,-1,-1,-1,155,-1,-1
71,132,376,132,315,193,132,193,498,559,254,254,254,296,296,437,315,254,376,376,71,132,296,559,236,257,-1,-1,-1,-1,-1,-1,-1,-1,-1,-1,-1,-1,-1,-1,-1,-1,-1,-1,-1,-1,158,-1,-1
72,134,382,134,320,196,134,196,506,568,258,258,258,301,301,444,320,258,382,382,72,134,301,568,241,263,-1,-1,-1,-1,-1,-1,-1,-1,-1,-1,-1,-1,-1,-1,-1,-1,-1,-1,-1,-1,160,-1,-1
73,136,388,136,325,199,136,199,514,577,262,262,262,306,306,451,325,262,388,388,73,136,306,577,246,269,-1,-1,-1,-1,-1,-1,-1,-1,-1,-1,-1,-1,-1,-1,-1,-1,-1,-1,-1,-1,163,-1,-1
74,138,394,138,330,202,138,202,522,586,266,266,266,310,310,458,330,266,394,394,74,138,310,586,251,275,-1,-1,-1,-1,-1,-1,-1,-1,-1,-1,-1,-1,-1,-1,-1,-1,-1,-1,-1,-1,165,-1,-1
75,140,400,140,335,205,140,205,530,595,270,270,270,315,315,465,335,270,400,400,75,140,315,595,256,281,-1,-1,-1,-1,-1,-1,-1,-1,-1,-1,-1,-1,-1,-1,-1,-1,-1,-1,-1,-1,168,-1,-1
76,142,406,142,340,208,142,208,538,604,274,274,274,320,320,472,340,274,406,406,76,142,320,604,261,287,-1,-1,-1,-1,-1,-1,-1,-1,-1,-1,-1,-1,-1,-1,-1,-1,-1,-1,-1,-1,170,-1,-1
77,144,412,144,345,211,144,211,546,613,278,278,278,324,324,479,345,278,412,412,77,144,324,613,266,293,-1,-1,-1,-1,-1,-1,-1,-1,-1,-1,-1,-1,-1,-1,-1,-1,-1,-1,-1,-1,173,-1,-1
78,146,418,146,350,214,146,214,554,622,282,282,282,329,329,486,350,282,418,418,78,146,329,622,271,299,-1,-1,-1,-1,-1,-1,-1,-1,-1,-1,-1,-1,-1,-1,-1,-1,-1,-1,-1,-1,175,-1,-1
79,148,424,148,355,217,148,217,562,631,286,286,286,334,334,493,355,286,424,424,79,148,334,631,276,305,-1,-1,-1,-1,-1,-1,-1,-1,-1,-1,-1,-1,-1,-1,-1,-1,-1,-1,-1,-1,178,-1,-1
80,150,430,150,360,220,150,220,570,640,290,290,290,339,339,500,360,290,430,430,80,150,339,635,281,311,-1,-1,-1,-1,-1,-1,-1,-1,-1,-1,-1,-1,-1,-1,-1,-1,-1,-1,-1,-1,180,-1,-1
81,152,436,152,365,223,152,223,578,649,294,294,294,343,343,507,365,294,436,436,81,151,341,640,286,317,-1,-1,-1,-1,-1,-1,-1,-1,-1,-1,-1,-1,-1,-1,-1,-1,-1,-1,-1,-1,183,-1,-1
82,154,442,154,370,226,154,226,586,658,298,298,298,348,348,514,370,298,442,442,82,152,343,645,291,323,-1,-1,-1,-1,-1,-1,-1,-1,-1,-1,-1,-1,-1,-1,-1,-1,-1,-1,-1,-1,185,-1,-1
83,156,448,156,375,229,156,229,594,667,302,302,302,353,353,521,375,302,448,448,83,153,345,650,296,329,-1,-1,-1,-1,-1,-1,-1,-1,-1,-1,-1,-1,-1,-1,-1,-1,-1,-1,-1,-1,188,-1,-1
84,158,454,158,380,232,158,232,602,676,306,306,306,357,357,528,380,306,454,454,84,154,347,655,301,335,-1,-1,-1,-1,-1,-1,-1,-1,-1,-1,-1,-1,-1,-1,-1,-1,-1,-1,-1,-1,190,-1,-1
85,160,460,160,385,235,160,235,610,685,310,310,310,362,362,535,385,310,460,460,85,155,349,660,306,341,-1,-1,-1,-1,-1,-1,-1,-1,-1,-1,-1,-1,-1,-1,-1,-1,-1,-1,-1,-1,193,-1,-1
86,162,466,162,390,238,162,238,618,694,314,314,314,367,367,542,390,314,466,466,86,156,351,665,312,347,-1,-1,-1,-1,-1,-1,-1,-1,-1,-1,-1,-1,-1,-1,-1,-1,-1,-1,-1,-1,195,-1,-1
87,164,472,164,395,241,164,241,626,703,318,318,318,371,371,549,395,318,472,472,87,157,353,670,318,353,-1,-1,-1,-1,-1,-1,-1,-1,-1,-1,-1,-1,-1,-1,-1,-1,-1,-1,-1,-1,198,-1,-1
88,166,478,166,400,244,166,244,634,712,322,322,322,376,376,556,400,322,478,478,88,158,355,675,324,359,-1,-1,-1,-1,-1,-1,-1,-1,-1,-1,-1,-1,-1,-1,-1,-1,-1,-1,-1,-1,200,-1,-1
89,168,484,168,405,247,168,247,642,721,326,326,326,381,381,563,405,326,484,484,89,159,357,680,336,365,-1,-1,-1,-1,-1,-1,-1,-1,-1,-1,-1,-1,-1,-1,-1,-1,-1,-1,-1,-1,203,-1,-1
90,170,490,170,410,250,170,250,650,730,330,330,330,386,386,570,410,330,490,490,90,170,386,730,342,370,-1,-1,-1,-1,-1,-1,-1,-1,-1,-1,-1,-1,-1,-1,-1,-1,-1,-1,-1,-1,205,-1,-1
91,172,496,172,415,253,172,253,658,739,334,334,334,390,390,577,415,334,496,496,91,171,388,735,348,378,-1,-1,-1,-1,-1,-1,-1,-1,-1,-1,-1,-1,-1,-1,-1,-1,-1,-1,-1,-1,208,-1,-1
92,174,502,174,420,256,174,256,666,748,338,338,338,395,395,584,420,338,502,502,92,172,390,740,354,386,-1,-1,-1,-1,-1,-1,-1,-1,-1,-1,-1,-1,-1,-1,-1,-1,-1,-1,-1,-1,210,-1,-1
93,176,508,176,425,259,176,259,674,757,342,342,342,400,400,591,425,342,508,508,93,173,392,745,360,394,-1,-1,-1,-1,-1,-1,-1,-1,-1,-1,-1,-1,-1,-1,-1,-1,-1,-1,-1,-1,213,-1,-1
94,178,514,178,430,262,178,262,682,766,346,346,346,404,404,598,430,346,514,514,94,174,394,750,366,402,-1,-1,-1,-1,-1,-1,-1,-1,-1,-1,-1,-1,-1,-1,-1,-1,-1,-1,-1,-1,215,-1,-1
95,180,520,180,435,265,180,265,690,775,350,350,350,409,409,605,435,350,520,520,95,175,396,755,372,410,-1,-1,-1,-1,-1,-1,-1,-1,-1,-1,-1,-1,-1,-1,-1,-1,-1,-1,-1,-1,218,-1,-1
96,182,526,182,440,268,182,268,698,784,354,354,354,414,414,612,440,354,526,526,96,176,398,760,378,418,-1,-1,-1,-1,-1,-1,-1,-1,-1,-1,-1,-1,-1,-1,-1,-1,-1,-1,-1,-1,220,-1,-1
97,184,532,184,445,271,184,271,706,793,358,358,358,418,418,619,445,358,532,532,97,177,400,765,384,426,-1,-1,-1,-1,-1,-1,-1,-1,-1,-1,-1,-1,-1,-1,-1,-1,-1,-1,-1,-1,223,-1,-1
98,186,538,186,450,274,186,274,714,802,362,362,362,423,423,626,450,362,538,538,98,178,402,770,390,434,-1,-1,-1,-1,-1,-1,-1,-1,-1,-1,-1,-1,-1,-1,-1,-1,-1,-1,-1,-1,225,-1,-1
99,188,544,188,455,277,188,277,722,811,366,366,366,428,428,633,455,366,544,544,99,188,404,775,396,442,-1,-1,-1,-1,-1,-1,-1,-1,-1,-1,-1,-1,-1,-1,-1,-1,-1,-1,-1,-1,228,-1,-1
100,190,550,190,460,280,190,280,730,820,370,370,370,433,433,640,460,370,550,550,100,190,430,820,402,450,-1,-1,-1,272,819,363,728,363,363,363,819,363,363,363,819,363,-1,-1,-1,-1,230,-1,-1
101,192,556,192,465,283,192,283,738,829,374,374,374,438,438,647,465,374,556,556,101,190,433,825,408,458,-1,-1,-1,275,828,368,736,368,368,368,828,368,368,368,828,368,-1,-1,-1,-1,233,-1,-1
102,194,562,194,470,286,194,286,746,838,378,378,378,443,443,654,470,378,562,562,102,190,436,830,414,466,-1,-1,-1,279,837,372,744,372,372,372,837,372,372,372,837,372,-1,-1,-1,-1,235,-1,-1
103,196,568,196,475,289,196,289,754,847,382,382,382,448,448,661,475,382,568,568,103,190,439,845,420,474,-1,-1,-1,283,846,377,752,377,377,377,846,377,377,377,846,377,-1,-1,-1,-1,238,-1,-1
104,198,574,198,480,292,198,292,762,856,386,386,386,453,453,668,480,386,574,574,104,190,442,850,426,482,-1,-1,-1,286,855,381,760,381,381,381,855,381,381,381,855,381,-1,-1,-1,-1,240,-1,-1
105,200,580,200,485,295,200,295,770,865,390,390,390,458,458,675,485,390,580,580,105,190,445,855,432,490,-1,-1,-1,290,864,386,769,386,386,386,864,386,386,386,864,386,-1,-1,-1,-1,243,-1,-1
106,202,586,202,490,298,202,298,778,874,394,394,394,463,463,682,490,394,586,586,106,190,448,860,438,498,-1,-1,-1,293,873,390,777,390,390,390,873,390,390,390,873,390,-1,-1,-1,-1,245,-1,-1
107,204,592,204,495,301,204,301,786,883,398,398,398,468,468,689,495,398,592,592,107,190,451,865,444,506,-1,-1,-1,297,882,395,785,395,395,395,882,395,395,395,882,395,-1,-1,-1,-1,248,-1,-1
108,206,598,206,500,304,206,304,794,892,402,402,402,473,473,696,500,402,598,598,108,190,454,870,450,514,-1,-1,-1,301,892,399,793,399,399,399,892,399,399,399,892,399,-1,-1,-1,-1,250,-1,-1
109,208,604,208,505,307,208,307,802,901,406,406,406,478,478,703,505,406,604,604,109,200,500,900,456,522,-1,-1,-1,300,900,400,800,400,400,400,900,400,400,400,900,400,109,522,522,456,253,652,1125
-1,-1,-1,-1,-1,-1,-1,-1,-1,-1,-1,-1,-1,-1,-1,-1,-1,-1,-1,-1,-1,-1,-1,-1,-1,-1,-1,-1,-1,310,910,410,810,410,410,410,910,410,410,410,910,410,114,530,530,462,257,662,1137
-1,-1,-1,-1,-1,-1,-1,-1,-1,-1,-1,-1,-1,-1,-1,-1,-1,-1,-1,-1,-1,-1,-1,-1,-1,-1,-1,-1,-1,313,919,414,818,414,414,414,919,414,414,414,919,414,119,538,538,468,261,672,1148
-1,-1,-1,-1,-1,-1,-1,-1,-1,-1,-1,-1,-1,-1,-1,-1,-1,-1,-1,-1,-1,-1,-1,-1,-1,-1,-1,-1,-1,316,928,418,826,418,418,418,928,418,418,418,928,418,124,546,546,474,265,682,1160
-1,-1,-1,-1,-1,-1,-1,-1,-1,-1,-1,-1,-1,-1,-1,-1,-1,-1,-1,-1,-1,-1,-1,-1,-1,-1,-1,-1,-1,319,937,422,834,422,422,422,937,422,422,422,937,422,129,554,554,480,269,692,1171
-1,-1,-1,-1,-1,-1,-1,-1,-1,-1,-1,-1,-1,-1,-1,-1,-1,-1,-1,-1,-1,-1,-1,-1,-1,-1,-1,-1,-1,322,946,426,842,426,426,426,946,426,426,426,946,426,134,562,562,486,273,702,1182
-1,-1,-1,-1,-1,-1,-1,-1,-1,-1,-1,-1,-1,-1,-1,-1,-1,-1,-1,-1,-1,-1,-1,-1,-1,-1,-1,-1,-1,325,955,430,850,430,430,430,955,430,430,430,955,430,139,570,570,492,278,712,1193
-1,-1,-1,-1,-1,-1,-1,-1,-1,-1,-1,-1,-1,-1,-1,-1,-1,-1,-1,-1,-1,-1,-1,-1,-1,-1,-1,-1,-1,328,964,434,858,434,434,434,964,434,434,434,964,434,144,578,578,498,283,722,1205
-1,-1,-1,-1,-1,-1,-1,-1,-1,-1,-1,-1,-1,-1,-1,-1,-1,-1,-1,-1,-1,-1,-1,-1,-1,-1,-1,-1,-1,331,973,438,866,438,438,438,973,438,438,438,973,438,149,586,586,504,288,732,1216
-1,-1,-1,-1,-1,-1,-1,-1,-1,-1,-1,-1,-1,-1,-1,-1,-1,-1,-1,-1,-1,-1,-1,-1,-1,-1,-1,-1,-1,334,982,442,874,442,442,442,982,442,442,442,982,442,154,594,594,510,293,742,1227
-1,-1,-1,-1,-1,-1,-1,-1,-1,-1,-1,-1,-1,-1,-1,-1,-1,-1,-1,-1,-1,-1,-1,-1,-1,-1,-1,-1,-1,337,991,446,882,446,446,446,991,446,446,446,991,446,159,602,602,516,298,752,1238
-1,-1,-1,-1,-1,-1,-1,-1,-1,-1,-1,-1,-1,-1,-1,-1,-1,-1,-1,-1,-1,-1,-1,-1,-1,-1,-1,-1,-1,340,1000,450,890,450,450,450,1000,450,450,450,1000,450,164,610,610,522,304,762,1250
-1,-1,-1,-1,-1,-1,-1,-1,-1,-1,-1,-1,-1,-1,-1,-1,-1,-1,-1,-1,-1,-1,-1,-1,-1,-1,-1,-1,-1,343,1009,454,898,454,454,454,1009,454,454,454,1009,454,169,618,618,528,310,772,1261
-1,-1,-1,-1,-1,-1,-1,-1,-1,-1,-1,-1,-1,-1,-1,-1,-1,-1,-1,-1,-1,-1,-1,-1,-1,-1,-1,-1,-1,346,1018,458,906,458,458,458,1018,458,458,458,1018,458,174,626,626,534,316,782,1272
-1,-1,-1,-1,-1,-1,-1,-1,-1,-1,-1,-1,-1,-1,-1,-1,-1,-1,-1,-1,-1,-1,-1,-1,-1,-1,-1,-1,-1,349,1027,462,914,462,462,462,1027,462,462,462,1027,462,179,634,634,540,322,792,1283
-1,-1,-1,-1,-1,-1,-1,-1,-1,-1,-1,-1,-1,-1,-1,-1,-1,-1,-1,-1,-1,-1,-1,-1,-1,-1,-1,-1,-1,352,1036,466,922,466,466,466,1036,466,466,466,1036,466,184,642,642,546,328,802,1295
-1,-1,-1,-1,-1,-1,-1,-1,-1,-1,-1,-1,-1,-1,-1,-1,-1,-1,-1,-1,-1,-1,-1,-1,-1,-1,-1,-1,-1,355,1045,470,930,470,470,470,1045,470,470,470,1045,470,189,650,650,552,335,812,1306
-1,-1,-1,-1,-1,-1,-1,-1,-1,-1,-1,-1,-1,-1,-1,-1,-1,-1,-1,-1,-1,-1,-1,-1,-1,-1,-1,-1,-1,358,1054,474,938,474,474,474,1054,474,474,474,1054,474,194,658,658,558,342,822,1317
-1,-1,-1,-1,-1,-1,-1,-1,-1,-1,-1,-1,-1,-1,-1,-1,-1,-1,-1,-1,-1,-1,-1,-1,-1,-1,-1,-1,-1,361,1063,478,946,478,478,478,1063,478,478,478,1063,478,199,666,666,564,349,832,1328
-1,-1,-1,-1,-1,-1,-1,-1,-1,-1,-1,-1,-1,-1,-1,-1,-1,-1,-1,-1,-1,-1,-1,-1,-1,-1,-1,-1,-1,364,1072,482,954,482,482,482,1072,482,482,482,1072,482,204,674,674,570,356,842,1340
-1,-1,-1,-1,-1,-1,-1,-1,-1,-1,-1,-1,-1,-1,-1,-1,-1,-1,-1,-1,-1,-1,-1,-1,-1,-1,-1,-1,-1,367,1081,486,962,486,486,486,1081,486,486,486,1081,486,209,682,682,576,363,852,1351
-1,-1,-1,-1,-1,-1,-1,-1,-1,-1,-1,-1,-1,-1,-1,-1,-1,-1,-1,-1,-1,-1,-1,-1,-1,-1,-1,-1,-1,370,1090,490,970,490,490,490,1090,490,490,490,1090,490,214,690,690,582,371,862,1362
-1,-1,-1,-1,-1,-1,-1,-1,-1,-1,-1,-1,-1,-1,-1,-1,-1,-1,-1,-1,-1,-1,-1,-1,-1,-1,-1,-1,-1,373,1099,494,978,494,494,494,1099,494,494,494,1099,494,219,698,698,588,379,872,1373
-1,-1,-1,-1,-1,-1,-1,-1,-1,-1,-1,-1,-1,-1,-1,-1,-1,-1,-1,-1,-1,-1,-1,-1,-1,-1,-1,-1,-1,376,1108,498,986,498,498,498,1108,498,498,498,1108,498,224,706,706,594,387,882,1385
-1,-1,-1,-1,-1,-1,-1,-1,-1,-1,-1,-1,-1,-1,-1,-1,-1,-1,-1,-1,-1,-1,-1,-1,-1,-1,-1,-1,-1,379,1117,502,994,502,502,502,1117,502,502,502,1117,502,229,714,714,600,395,892,1396
-1,-1,-1,-1,-1,-1,-1,-1,-1,-1,-1,-1,-1,-1,-1,-1,-1,-1,-1,-1,-1,-1,-1,-1,-1,-1,-1,-1,-1,382,1126,506,1002,506,506,506,1126,506,506,506,1126,506,234,722,722,606,403,902,1407
-1,-1,-1,-1,-1,-1,-1,-1,-1,-1,-1,-1,-1,-1,-1,-1,-1,-1,-1,-1,-1,-1,-1,-1,-1,-1,-1,-1,-1,385,1135,510,1010,510,510,510,1135,510,510,510,1135,510,239,730,730,612,412,912,1418
-1,-1,-1,-1,-1,-1,-1,-1,-1,-1,-1,-1,-1,-1,-1,-1,-1,-1,-1,-1,-1,-1,-1,-1,-1,-1,-1,-1,-1,388,1144,514,1018,514,514,514,1144,514,514,514,1144,514,244,738,738,618,421,922,1430
-1,-1,-1,-1,-1,-1,-1,-1,-1,-1,-1,-1,-1,-1,-1,-1,-1,-1,-1,-1,-1,-1,-1,-1,-1,-1,-1,-1,-1,391,1153,518,1026,518,518,518,1153,518,518,518,1153,518,249,746,746,624,430,932,1441
-1,-1,-1,-1,-1,-1,-1,-1,-1,-1,-1,-1,-1,-1,-1,-1,-1,-1,-1,-1,-1,-1,-1,-1,-1,-1,-1,-1,-1,394,1162,522,1034,522,522,522,1162,522,522,522,1162,522,254,754,754,630,439,942,1452
-1,-1,-1,-1,-1,-1,-1,-1,-1,-1,-1,-1,-1,-1,-1,-1,-1,-1,-1,-1,-1,-1,-1,-1,-1,-1,-1,-1,-1,397,1171,526,1042,526,526,526,1171,526,526,526,1171,526,259,762,762,636,448,952,1463
-1,-1,-1,-1,-1,-1,-1,-1,-1,-1,-1,-1,-1,-1,-1,-1,-1,-1,-1,-1,-1,-1,-1,-1,-1,-1,-1,-1,-1,400,1180,530,1050,530,530,530,1180,530,530,530,1180,530,264,770,770,642,458,962,1475
-1,-1,-1,-1,-1,-1,-1,-1,-1,-1,-1,-1,-1,-1,-1,-1,-1,-1,-1,-1,-1,-1,-1,-1,-1,-1,-1,-1,-1,403,1189,534,1058,534,534,534,1189,534,534,534,1189,534,269,778,778,648,468,972,1486
-1,-1,-1,-1,-1,-1,-1,-1,-1,-1,-1,-1,-1,-1,-1,-1,-1,-1,-1,-1,-1,-1,-1,-1,-1,-1,-1,-1,-1,406,1198,538,1066,538,538,538,1198,538,538,538,1198,538,274,786,786,654,478,982,1497
-1,-1,-1,-1,-1,-1,-1,-1,-1,-1,-1,-1,-1,-1,-1,-1,-1,-1,-1,-1,-1,-1,-1,-1,-1,-1,-1,-1,-1,409,1207,542,1074,542,542,542,1207,542,542,542,1207,542,279,794,794,660,488,992,1508
-1,-1,-1,-1,-1,-1,-1,-1,-1,-1,-1,-1,-1,-1,-1,-1,-1,-1,-1,-1,-1,-1,-1,-1,-1,-1,-1,-1,-1,412,1216,546,1082,546,546,546,1216,546,546,546,1216,546,284,802,802,666,498,1002,1520
-1,-1,-1,-1,-1,-1,-1,-1,-1,-1,-1,-1,-1,-1,-1,-1,-1,-1,-1,-1,-1,-1,-1,-1,-1,-1,-1,-1,-1,415,1225,550,1090,550,550,550,1225,550,550,550,1225,550,289,810,810,672,509,1012,1531
-1,-1,-1,-1,-1,-1,-1,-1,-1,-1,-1,-1,-1,-1,-1,-1,-1,-1,-1,-1,-1,-1,-1,-1,-1,-1,-1,-1,-1,418,1234,554,1098,554,554,554,1234,554,554,554,1234,554,294,818,818,678,520,1022,1542
-1,-1,-1,-1,-1,-1,-1,-1,-1,-1,-1,-1,-1,-1,-1,-1,-1,-1,-1,-1,-1,-1,-1,-1,-1,-1,-1,-1,-1,421,1243,558,1106,558,558,558,1243,558,558,558,1243,558,299,826,826,684,531,1032,1553
-1,-1,-1,-1,-1,-1,-1,-1,-1,-1,-1,-1,-1,-1,-1,-1,-1,-1,-1,-1,-1,-1,-1,-1,-1,-1,-1,-1,-1,424,1252,562,1114,562,562,562,1252,562,562,562,1252,562,304,834,834,690,542,1042,1565
-1,-1,-1,-1,-1,-1,-1,-1,-1,-1,-1,-1,-1,-1,-1,-1,-1,-1,-1,-1,-1,-1,-1,-1,-1,-1,-1,-1,-1,427,1261,566,1122,566,566,566,1261,566,566,566,1261,566,309,842,842,696,553,1052,1576
-1,-1,-1,-1,-1,-1,-1,-1,-1,-1,-1,-1,-1,-1,-1,-1,-1,-1,-1,-1,-1,-1,-1,-1,-1,-1,-1,-1,-1,430,1270,570,1130,570,570,570,1270,570,570,570,1270,570,314,850,850,702,565,1062,1587
-1,-1,-1,-1,-1,-1,-1,-1,-1,-1,-1,-1,-1,-1,-1,-1,-1,-1,-1,-1,-1,-1,-1,-1,-1,-1,-1,-1,-1,433,1279,574,1138,574,574,574,1279,574,574,574,1279,574,319,858,858,708,577,1072,1598
-1,-1,-1,-1,-1,-1,-1,-1,-1,-1,-1,-1,-1,-1,-1,-1,-1,-1,-1,-1,-1,-1,-1,-1,-1,-1,-1,-1,-1,436,1288,578,1146,578,578,578,1288,578,578,578,1288,578,324,866,866,714,589,1082,1610
-1,-1,-1,-1,-1,-1,-1,-1,-1,-1,-1,-1,-1,-1,-1,-1,-1,-1,-1,-1,-1,-1,-1,-1,-1,-1,-1,-1,-1,439,1297,582,1154,582,582,582,1297,582,582,582,1297,582,329,874,874,720,601,1092,1621
-1,-1,-1,-1,-1,-1,-1,-1,-1,-1,-1,-1,-1,-1,-1,-1,-1,-1,-1,-1,-1,-1,-1,-1,-1,-1,-1,-1,-1,442,1306,586,1162,586,586,586,1306,586,586,586,1306,586,334,882,882,726,613,1102,1632
-1,-1,-1,-1,-1,-1,-1,-1,-1,-1,-1,-1,-1,-1,-1,-1,-1,-1,-1,-1,-1,-1,-1,-1,-1,-1,-1,-1,-1,445,1315,590,1170,590,590,590,1315,590,590,590,1315,590,339,890,890,732,626,1112,1643
-1,-1,-1,-1,-1,-1,-1,-1,-1,-1,-1,-1,-1,-1,-1,-1,-1,-1,-1,-1,-1,-1,-1,-1,-1,-1,-1,-1,-1,448,1324,594,1178,594,594,594,1324,594,594,594,1324,594,344,898,898,738,639,1122,1655
-1,-1,-1,-1,-1,-1,-1,-1,-1,-1,-1,-1,-1,-1,-1,-1,-1,-1,-1,-1,-1,-1,-1,-1,-1,-1,-1,-1,-1,451,1333,598,1186,598,598,598,1333,598,598,598,1333,598,349,906,906,744,642,1132,1666
-1,-1,-1,-1,-1,-1,-1,-1,-1,-1,-1,-1,-1,-1,-1,-1,-1,-1,-1,-1,-1,-1,-1,-1,-1,-1,-1,-1,-1,454,1342,602,1194,602,602,602,1342,602,602,602,1342,602,354,914,914,750,655,1142,1677
-1,-1,-1,-1,-1,-1,-1,-1,-1,-1,-1,-1,-1,-1,-1,-1,-1,-1,-1,-1,-1,-1,-1,-1,-1,-1,-1,-1,-1,457,1351,606,1202,606,606,606,1351,606,606,606,1351,606,359,922,922,756,668,1152,1688
-1,-1,-1,-1,-1,-1,-1,-1,-1,-1,-1,-1,-1,-1,-1,-1,-1,-1,-1,-1,-1,-1,-1,-1,-1,-1,-1,-1,-1,460,1360,610,1210,610,610,610,1360,610,610,610,1360,610,364,930,930,762,682,1162,1700
-1,-1,-1,-1,-1,-1,-1,-1,-1,-1,-1,-1,-1,-1,-1,-1,-1,-1,-1,-1,-1,-1,-1,-1,-1,-1,-1,-1,-1,500,1369,650,1258,700,670,700,1369,614,614,614,1369,614,369,958,958,774,696,1197,1711
-1,-1,-1,-1,-1,-1,-1,-1,-1,-1,-1,-1,-1,-1,-1,-1,-1,-1,-1,-1,-1,-1,-1,-1,-1,-1,-1,-1,-1,566,1378,675,1286,760,695,760,1378,648,648,618,1378,618,374,976,976,786,710,1207,1722
-1,-1,-1,-1,-1,-1,-1,-1,-1,-1,-1,-1,-1,-1,-1,-1,-1,-1,-1,-1,-1,-1,-1,-1,-1,-1,-1,-1,-1,629,1387,680,1334,820,700,820,1387,702,702,622,1387,622,379,994,994,798,724,1242,1733
-1,-1,-1,-1,-1,-1,-1,-1,-1,-1,-1,-1,-1,-1,-1,-1,-1,-1,-1,-1,-1,-1,-1,-1,-1,-1,-1,-1,-1,672,1396,695,1372,880,715,880,1396,726,726,626,1396,626,384,1002,1002,810,738,1252,1745
-1,-1,-1,-1,-1,-1,-1,-1,-1,-1,-1,-1,-1,-1,-1,-1,-1,-1,-1,-1,-1,-1,-1,-1,-1,-1,-1,-1,-1,710,1405,710,1410,930,730,930,1405,750,750,630,1405,630,389,1014,1014,822,753,1267,1756
-1,-1,-1,-1,-1,-1,-1,-1,-1,-1,-1,-1,-1,-1,-1,-1,-1,-1,-1,-1,-1,-1,-1,-1,-1,-1,-1,-1,-1,748,1414,725,1458,965,745,965,1414,774,774,634,1414,634,394,1028,1028,836,768,1285,1767
-1,-1,-1,-1,-1,-1,-1,-1,-1,-1,-1,-1,-1,-1,-1,-1,-1,-1,-1,-1,-1,-1,-1,-1,-1,-1,-1,-1,-1,781,1423,740,1466,1020,760,1020,1423,808,808,638,1423,638,399,1046,1046,850,783,1307,1778
-1,-1,-1,-1,-1,-1,-1,-1,-1,-1,-1,-1,-1,-1,-1,-1,-1,-1,-1,-1,-1,-1,-1,-1,-1,-1,-1,-1,-1,824,1432,765,1474,1132,785,1132,1432,822,822,642,1432,642,404,1060,1060,864,798,1325,1790
-1,-1,-1,-1,-1,-1,-1,-1,-1,-1,-1,-1,-1,-1,-1,-1,-1,-1,-1,-1,-1,-1,-1,-1,-1,-1,-1,-1,-1,847,1441,770,1482,1160,790,1160,1441,846,846,646,1441,646,409,1082,1082,878,813,1352,1801
-1,-1,-1,-1,-1,-1,-1,-1,-1,-1,-1,-1,-1,-1,-1,-1,-1,-1,-1,-1,-1,-1,-1,-1,-1,-1,-1,-1,-1,890,1450,785,1490,1230,805,1230,1450,850,850,650,1450,650,414,1100,1100,892,829,1375,1812
-1,-1,-1,-1,-1,-1,-1,-1,-1,-1,-1,-1,-1,-1,-1,-1,-1,-1,-1,-1,-1,-1,-1,-1,-1,-1,-1,-1,-1,894,1460,790,1499,1235,810,1235,1460,855,855,655,1460,655,419,1108,1108,908,835,1385,1825
-1,-1,-1,-1,-1,-1,-1,-1,-1,-1,-1,-1,-1,-1,-1,-1,-1,-1,-1,-1,-1,-1,-1,-1,-1,-1,-1,-1,-1,898,1470,795,1508,1240,815,1240,1470,860,860,660,1470,660,424,1116,1116,924,851,1395,1837
-1,-1,-1,-1,-1,-1,-1,-1,-1,-1,-1,-1,-1,-1,-1,-1,-1,-1,-1,-1,-1,-1,-1,-1,-1,-1,-1,-1,-1,902,1480,800,1517,1245,820,1245,1480,865,865,665,1480,665,429,1124,1124,940,867,1405,1850
-1,-1,-1,-1,-1,-1,-1,-1,-1,-1,-1,-1,-1,-1,-1,-1,-1,-1,-1,-1,-1,-1,-1,-1,-1,-1,-1,-1,-1,906,1490,805,1526,1250,825,1250,1490,870,870,670,1490,670,434,1132,1132,956,883,1415,1862
-1,-1,-1,-1,-1,-1,-1,-1,-1,-1,-1,-1,-1,-1,-1,-1,-1,-1,-1,-1,-1,-1,-1,-1,-1,-1,-1,-1,-1,910,1500,810,1535,1255,830,1255,1500,875,875,675,1500,675,439,1140,1140,972,899,1425,1875
-1,-1,-1,-1,-1,-1,-1,-1,-1,-1,-1,-1,-1,-1,-1,-1,-1,-1,-1,-1,-1,-1,-1,-1,-1,-1,-1,-1,-1,915,1511,816,1545,1261,836,1261,1511,881,881,681,1511,681,444,1148,1148,990,916,1435,1888
-1,-1,-1,-1,-1,-1,-1,-1,-1,-1,-1,-1,-1,-1,-1,-1,-1,-1,-1,-1,-1,-1,-1,-1,-1,-1,-1,-1,-1,920,1522,822,1555,1267,842,1267,1522,887,887,687,1522,687,449,1156,1156,1008,933,1445,1902
-1,-1,-1,-1,-1,-1,-1,-1,-1,-1,-1,-1,-1,-1,-1,-1,-1,-1,-1,-1,-1,-1,-1,-1,-1,-1,-1,-1,-1,925,1533,828,1565,1273,848,1273,1533,893,893,693,1533,693,454,1164,1164,1026,950,1455,1916
-1,-1,-1,-1,-1,-1,-1,-1,-1,-1,-1,-1,-1,-1,-1,-1,-1,-1,-1,-1,-1,-1,-1,-1,-1,-1,-1,-1,-1,930,1544,834,1575,1279,854,1279,1544,899,899,699,1544,699,459,1172,1172,1044,967,1465,1930
-1,-1,-1,-1,-1,-1,-1,-1,-1,-1,-1,-1,-1,-1,-1,-1,-1,-1,-1,-1,-1,-1,-1,-1,-1,-1,-1,-1,-1,935,1555,840,1585,1285,860,1285,1555,905,905,705,1555,705,464,1180,1180,1062,984,1475,1943
-1,-1,-1,-1,-1,-1,-1,-1,-1,-1,-1,-1,-1,-1,-1,-1,-1,-1,-1,-1,-1,-1,-1,-1,-1,-1,-1,-1,-1,941,1567,847,1596,1292,867,1292,1567,912,912,712,1567,712,469,1188,1188,1080,1002,1484,1958
-1,-1,-1,-1,-1,-1,-1,-1,-1,-1,-1,-1,-1,-1,-1,-1,-1,-1,-1,-1,-1,-1,-1,-1,-1,-1,-1,-1,-1,947,1579,854,1607,1299,874,1299,1579,919,919,719,1579,719,474,1196,1196,1098,1020,1494,1973
-1,-1,-1,-1,-1,-1,-1,-1,-1,-1,-1,-1,-1,-1,-1,-1,-1,-1,-1,-1,-1,-1,-1,-1,-1,-1,-1,-1,-1,953,1591,861,1618,1306,881,1306,1591,926,926,726,1591,726,479,1204,1204,1116,1038,1505,1988
-1,-1,-1,-1,-1,-1,-1,-1,-1,-1,-1,-1,-1,-1,-1,-1,-1,-1,-1,-1,-1,-1,-1,-1,-1,-1,-1,-1,-1,959,1603,868,1629,1313,888,1313,1603,933,933,733,1603,733,484,1212,1212,1134,1056,1515,2003
-1,-1,-1,-1,-1,-1,-1,-1,-1,-1,-1,-1,-1,-1,-1,-1,-1,-1,-1,-1,-1,-1,-1,-1,-1,-1,-1,-1,-1,965,1615,875,1640,1320,895,1320,1615,940,940,740,1615,740,489,1220,1220,1152,1074,1525,2018
-1,-1,-1,-1,-1,-1,-1,-1,-1,-1,-1,-1,-1,-1,-1,-1,-1,-1,-1,-1,-1,-1,-1,-1,-1,-1,-1,-1,-1,972,1627,881,1651,1330,900,1326,1622,952,952,753,1625,753,494,1224,1224,1156,1076,1530,2027
-1,-1,-1,-1,-1,-1,-1,-1,-1,-1,-1,-1,-1,-1,-1,-1,-1,-1,-1,-1,-1,-1,-1,-1,-1,-1,-1,-1,-1,980,1640,887,1663,1339,905,1333,1629,964,964,765,1636,766,499,1228,1228,1168,1081,1545,2045
-1,-1,-1,-1,-1,-1,-1,-1,-1,-1,-1,-1,-1,-1,-1,-1,-1,-1,-1,-1,-1,-1,-1,-1,-1,-1,-1,-1,-1,987,1653,893,1674,1349,910,1339,1636,976,976,778,1646,780,504,1232,1232,1180,1087,1561,2063
-1,-1,-1,-1,-1,-1,-1,-1,-1,-1,-1,-1,-1,-1,-1,-1,-1,-1,-1,-1,-1,-1,-1,-1,-1,-1,-1,-1,-1,995,1665,899,1686,1358,916,1346,1644,988,988,792,1657,793,509,1237,1237,1184,1089,1567,2081
-1,-1,-1,-1,-1,-1,-1,-1,-1,-1,-1,-1,-1,-1,-1,-1,-1,-1,-1,-1,-1,-1,-1,-1,-1,-1,-1,-1,-1,1003,1678,906,1697,1368,921,1352,1651,1001,1001,805,1667,807,514,1241,1241,1188,1091,1572,2090
-1,-1,-1,-1,-1,-1,-1,-1,-1,-1,-1,-1,-1,-1,-1,-1,-1,-1,-1,-1,-1,-1,-1,-1,-1,-1,-1,-1,-1,1010,1691,912,1709,1378,926,1358,1658,1013,1013,819,1678,822,519,1249,1249,1192,1097,1578,2107
-1,-1,-1,-1,-1,-1,-1,-1,-1,-1,-1,-1,-1,-1,-1,-1,-1,-1,-1,-1,-1,-1,-1,-1,-1,-1,-1,-1,-1,1018,1704,918,1721,1388,931,1365,1665,1026,1026,833,1689,836,524,1261,1261,1204,1101,1583,2116
-1,-1,-1,-1,-1,-1,-1,-1,-1,-1,-1,-1,-1,-1,-1,-1,-1,-1,-1,-1,-1,-1,-1,-1,-1,-1,-1,-1,-1,1026,1717,924,1733,1398,937,1372,1673,1039,1039,847,1700,851,529,1265,1265,1213,1106,1601,2125
-1,-1,-1,-1,-1,-1,-1,-1,-1,-1,-1,-1,-1,-1,-1,-1,-1,-1,-1,-1,-1,-1,-1,-1,-1,-1,-1,-1,-1,1034,1730,931,1745,1408,942,1378,1680,1052,1052,861,1710,866,534,1269,1269,1221,1108,1607,2135
-1,-1,-1,-1,-1,-1,-1,-1,-1,-1,-1,-1,-1,-1,-1,-1,-1,-1,-1,-1,-1,-1,-1,-1,-1,-1,-1,-1,-1,1042,1744,937,1757,1418,947,1385,1687,1065,1065,880,1721,881,539,1287,1287,1230,1110,1618,2161
-1,-1,-1,-1,-1,-1,-1,-1,-1,-1,-1,-1,-1,-1,-1,-1,-1,-1,-1,-1,-1,-1,-1,-1,-1,-1,-1,-1,-1,1048,1749,937,1762,1422,947,1389,1692,1072,1072,888,1726,889,544,1287,1287,1238,1121,1623,2168
-1,-1,-1,-1,-1,-1,-1,-1,-1,-1,-1,-1,-1,-1,-1,-1,-1,-1,-1,-1,-1,-1,-1,-1,-1,-1,-1,-1,-1,1054,1754,937,1767,1426,947,1393,1697,1079,1079,896,1731,897,549,1287,1287,1246,1132,1623,2175
-1,-1,-1,-1,-1,-1,-1,-1,-1,-1,-1,-1,-1,-1,-1,-1,-1,-1,-1,-1,-1,-1,-1,-1,-1,-1,-1,-1,-1,1060,1759,955,1772,1430,947,1397,1702,1086,1086,904,1736,905,554,1287,1287,1254,1143,1623,2182
-1,-1,-1,-1,-1,-1,-1,-1,-1,-1,-1,-1,-1,-1,-1,-1,-1,-1,-1,-1,-1,-1,-1,-1,-1,-1,-1,-1,-1,1066,1764,955,1777,1434,947,1401,1707,1093,1093,912,1741,913,559,1287,1287,1262,1154,1638,2189
-1,-1,-1,-1,-1,-1,-1,-1,-1,-1,-1,-1,-1,-1,-1,-1,-1,-1,-1,-1,-1,-1,-1,-1,-1,-1,-1,-1,-1,1072,1769,955,1782,1438,977,1405,1712,1100,1100,920,1746,921,564,1287,1287,1270,1154,1638,2196
-1,-1,-1,-1,-1,-1,-1,-1,-1,-1,-1,-1,-1,-1,-1,-1,-1,-1,-1,-1,-1,-1,-1,-1,-1,-1,-1,-1,-1,1078,1774,955,1787,1442,977,1409,1717,1107,1107,928,1751,929,569,1287,1287,1278,1154,1648,2203
-1,-1,-1,-1,-1,-1,-1,-1,-1,-1,-1,-1,-1,-1,-1,-1,-1,-1,-1,-1,-1,-1,-1,-1,-1,-1,-1,-1,-1,1084,1779,955,1792,1446,989,1413,1722,1114,1114,936,1756,937,574,1287,1287,1286,1154,1648,2210
-1,-1,-1,-1,-1,-1,-1,-1,-1,-1,-1,-1,-1,-1,-1,-1,-1,-1,-1,-1,-1,-1,-1,-1,-1,-1,-1,-1,-1,1090,1784,955,1797,1450,989,1417,1727,1121,1121,944,1761,945,579,1351,1351,1294,1154,1648,2217
-1,-1,-1,-1,-1,-1,-1,-1,-1,-1,-1,-1,-1,-1,-1,-1,-1,-1,-1,-1,-1,-1,-1,-1,-1,-1,-1,-1,-1,1096,1789,955,1802,1454,1001,1421,1732,1128,1128,952,1766,953,584,1359,1359,1302,1209,1648,2224
-1,-1,-1,-1,-1,-1,-1,-1,-1,-1,-1,-1,-1,-1,-1,-1,-1,-1,-1,-1,-1,-1,-1,-1,-1,-1,-1,-1,-1,1102,1794,955,1807,1458,1001,1425,1737,1135,1135,960,1771,961,589,1367,1367,1310,1209,1648,2231
-1,-1,-1,-1,-1,-1,-1,-1,-1,-1,-1,-1,-1,-1,-1,-1,-1,-1,-1,-1,-1,-1,-1,-1,-1,-1,-1,-1,-1,1108,1799,955,1812,1462,1001,1429,1742,1142,1142,968,1776,969,594,1375,1375,1318,1209,1648,2231
-1,-1,-1,-1,-1,-1,-1,-1,-1,-1,-1,-1,-1,-1,-1,-1,-1,-1,-1,-1,-1,-1,-1,-1,-1,-1,-1,-1,-1,1114,1804,955,1817,1466,1001,1433,1747,1149,1149,976,1781,977,599,1383,1383,1326,1209,1648,2245
-1,-1,-1,-1,-1,-1,-1,-1,-1,-1,-1,-1,-1,-1,-1,-1,-1,-1,-1,-1,-1,-1,-1,-1,-1,-1,-1,-1,-1,1120,1809,1015,1822,1470,1001,1437,1752,1156,1156,984,1786,985,604,1383,1383,1334,1209,1648,2245
-1,-1,-1,-1,-1,-1,-1,-1,-1,-1,-1,-1,-1,-1,-1,-1,-1,-1,-1,-1,-1,-1,-1,-1,-1,-1,-1,-1,-1,1126,1814,1021,1827,1474,1031,1441,1757,1163,1163,992,1791,993,609,1383,1383,1342,1264,1648,2259
-1,-1,-1,-1,-1,-1,-1,-1,-1,-1,-1,-1,-1,-1,-1,-1,-1,-1,-1,-1,-1,-1,-1,-1,-1,-1,-1,-1,-1,1132,1819,1027,1832,1478,1037,1445,1762,1170,1170,1000,1796,1001,614,1407,1407,1350,1275,1693,2266
-1,-1,-1,-1,-1,-1,-1,-1,-1,-1,-1,-1,-1,-1,-1,-1,-1,-1,-1,-1,-1,-1,-1,-1,-1,-1,-1,-1,-1,-1,-1,-1,-1,-1,-1,-1,-1,-1,-1,-1,-1,-1,-1,-1,-1,-1,-1,-1,-1
-1,-1,-1,-1,-1,-1,-1,-1,-1,-1,-1,-1,-1,-1,-1,-1,-1,-1,-1,-1,-1,-1,-1,-1,-1,-1,-1,-1,-1,-1,-1,-1,-1,-1,-1,-1,-1,-1,-1,-1,-1,-1,-1,-1,-1,-1,-1,-1,-1
-1,-1,-1,-1,-1,-1,-1,-1,-1,-1,-1,-1,-1,-1,-1,-1,-1,-1,-1,-1,-1,-1,-1,-1,-1,-1,-1,-1,-1,-1,-1,-1,-1,-1,-1,-1,-1,-1,-1,-1,-1,-1,-1,-1,-1,-1,-1,-1,-1
-1,-1,-1,-1,-1,-1,-1,-1,-1,-1,-1,-1,-1,-1,-1,-1,-1,-1,-1,-1,-1,-1,-1,-1,-1,-1,-1,-1,-1,-1,-1,-1,-1,-1,-1,-1,-1,-1,-1,-1,-1,-1,-1,-1,-1,-1,-1,-1,-1
-1,-1,-1,-1,-1,-1,-1,-1,-1,-1,-1,-1,-1,-1,-1,-1,-1,-1,-1,-1,-1,-1,-1,-1,-1,-1,-1,-1,-1,-1,-1,-1,-1,-1,-1,-1,-1,-1,-1,-1,-1,-1,-1,-1,-1,-1,-1,-1,-1
-1,-1,-1,-1,-1,-1,-1,-1,-1,-1,-1,-1,-1,-1,-1,-1,-1,-1,-1,-1,-1,-1,-1,-1,-1,-1,-1,-1,-1,-1,-1,-1,-1,-1,-1,-1,-1,-1,-1,-1,-1,-1,-1,-1,-1,-1,-1,-1,-1
-1,-1,-1,-1,-1,-1,-1,-1,-1,-1,-1,-1,-1,-1,-1,-1,-1,-1,-1,-1,-1,-1,-1,-1,-1,-1,-1,-1,-1,-1,-1,-1,-1,-1,-1,-1,-1,-1,-1,-1,-1,-1,-1,-1,-1,-1,-1,-1,-1
-1,-1,-1,-1,-1,-1,-1,-1,-1,-1,-1,-1,-1,-1,-1,-1,-1,-1,-1,-1,-1,-1,-1,-1,-1,-1,-1,-1,-1,-1,-1,-1,-1,-1,-1,-1,-1,-1,-1,-1,-1,-1,-1,-1,-1,-1,-1,-1,-1
-1,-1,-1,-1,-1,-1,-1,-1,-1,-1,-1,-1,-1,-1,-1,-1,-1,-1,-1,-1,-1,-1,-1,-1,-1,-1,-1,-1,-1,-1,-1,-1,-1,-1,-1,-1,-1,-1,-1,-1,-1,-1,-1,-1,-1,-1,-1,-1,-1
-1,-1,-1,-1,-1,-1,-1,-1,-1,-1,-1,-1,-1,-1,-1,-1,-1,-1,-1,-1,-1,-1,-1,-1,-1,-1,-1,-1,-1,-1,-1,-1,-1,-1,-1,-1,-1,-1,-1,-1,-1,-1,-1,-1,-1,-1,-1,-1,-1
-1,-1,-1,-1,-1,-1,-1,-1,-1,-1,-1,-1,-1,-1,-1,-1,-1,-1,-1,-1,-1,-1,-1,-1,-1,-1,-1,-1,-1,-1,-1,-1,-1,-1,-1,-1,-1,-1,-1,-1,-1,-1,-1,-1,-1,-1,-1,-1,-1
-1,-1,-1,-1,-1,-1,-1,-1,-1,-1,-1,-1,-1,-1,-1,-1,-1,-1,-1,-1,-1,-1,-1,-1,-1,-1,-1,-1,-1,-1,-1,-1,-1,-1,-1,-1,-1,-1,-1,-1,-1,-1,-1,-1,-1,-1,-1,-1,-1
-1,-1,-1,-1,-1,-1,-1,-1,-1,-1,-1,-1,-1,-1,-1,-1,-1,-1,-1,-1,-1,-1,-1,-1,-1,-1,-1,-1,-1,-1,-1,-1,-1,-1,-1,-1,-1,-1,-1,-1,-1,-1,-1,-1,-1,-1,-1,-1,-1
-1,-1,-1,-1,-1,-1,-1,-1,-1,-1,-1,-1,-1,-1,-1,-1,-1,-1,-1,-1,-1,-1,-1,-1,-1,-1,-1,-1,-1,-1,-1,-1,-1,-1,-1,-1,-1,-1,-1,-1,-1,-1,-1,-1,-1,-1,-1,-1,-1
-1,-1,-1,-1,-1,-1,-1,-1,-1,-1,-1,-1,-1,-1,-1,-1,-1,-1,-1,-1,-1,-1,-1,-1,-1,-1,-1,-1,-1,-1,-1,-1,-1,-1,-1,-1,-1,-1,-1,-1,-1,-1,-1,-1,-1,-1,-1,-1,-1
-1,-1,-1,-1,-1,-1,-1,-1,-1,-1,-1,-1,-1,-1,-1,-1,-1,-1,-1,-1,-1,-1,-1,-1,-1,-1,-1,-1,-1,-1,-1,-1,-1,-1,-1,-1,-1,-1,-1,-1,-1,-1,-1,-1,-1,-1,-1,-1,-1
-1,-1,-1,-1,-1,-1,-1,-1,-1,-1,-1,-1,-1,-1,-1,-1,-1,-1,-1,-1,-1,-1,-1,-1,-1,-1,-1,-1,-1,-1,-1,-1,-1,-1,-1,-1,-1,-1,-1,-1,-1,-1,-1,-1,-1,-1,-1,-1,-1
-1,-1,-1,-1,-1,-1,-1,-1,-1,-1,-1,-1,-1,-1,-1,-1,-1,-1,-1,-1,-1,-1,-1,-1,-1,-1,-1,-1,-1,-1,-1,-1,-1,-1,-1,-1,-1,-1,-1,-1,-1,-1,-1,-1,-1,-1,-1,-1,-1
-1,-1,-1,-1,-1,-1,-1,-1,-1,-1,-1,-1,-1,-1,-1,-1,-1,-1,-1,-1,-1,-1,-1,-1,-1,-1,-1,-1,-1,-1,-1,-1,-1,-1,-1,-1,-1,-1,-1,-1,-1,-1,-1,-1,-1,-1,-1,-1,-1
-1,-1,-1,-1,-1,-1,-1,-1,-1,-1,-1,-1,-1,-1,-1,-1,-1,-1,-1,-1,-1,-1,-1,-1,-1,-1,-1,-1,-1,-1,-1,-1,-1,-1,-1,-1,-1,-1,-1,-1,-1,-1,-1,-1,-1,-1,-1,-1,-1
-1,-1,-1,-1,-1,-1,-1,-1,-1,-1,-1,-1,-1,-1,-1,-1,-1,-1,-1,-1,-1,-1,-1,-1,-1,-1,-1,-1,-1,-1,-1,-1,-1,-1,-1,-1,-1,-1,-1,-1,-1,-1,-1,-1,-1,-1,-1,-1,-1
-1,-1,-1,-1,-1,-1,-1,-1,-1,-1,-1,-1,-1,-1,-1,-1,-1,-1,-1,-1,-1,-1,-1,-1,-1,-1,-1,-1,-1,-1,-1,-1,-1,-1,-1,-1,-1,-1,-1,-1,-1,-1,-1,-1,-1,-1,-1,-1,-1
-1,-1,-1,-1,-1,-1,-1,-1,-1,-1,-1,-1,-1,-1,-1,-1,-1,-1,-1,-1,-1,-1,-1,-1,-1,-1,-1,-1,-1,-1,-1,-1,-1,-1,-1,-1,-1,-1,-1,-1,-1,-1,-1,-1,-1,-1,-1,-1,-1
-1,-1,-1,-1,-1,-1,-1,-1,-1,-1,-1,-1,-1,-1,-1,-1,-1,-1,-1,-1,-1,-1,-1,-1,-1,-1,-1,-1,-1,-1,-1,-1,-1,-1,-1,-1,-1,-1,-1,-1,-1,-1,-1,-1,-1,-1,-1,-1,-1
-1,-1,-1,-1,-1,-1,-1,-1,-1,-1,-1,-1,-1,-1,-1,-1,-1,-1,-1,-1,-1,-1,-1,-1,-1,-1,-1,-1,-1,-1,-1,-1,-1,-1,-1,-1,-1,-1,-1,-1,-1,-1,-1,-1,-1,-1,-1,-1,-1
-1,-1,-1,-1,-1,-1,-1,-1,-1,-1,-1,-1,-1,-1,-1,-1,-1,-1,-1,-1,-1,-1,-1,-1,-1,-1,-1,-1,-1,-1,-1,-1,-1,-1,-1,-1,-1,-1,-1,-1,-1,-1,-1,-1,-1,-1,-1,-1,-1
-1,-1,-1,-1,-1,-1,-1,-1,-1,-1,-1,-1,-1,-1,-1,-1,-1,-1,-1,-1,-1,-1,-1,-1,-1,-1,-1,-1,-1,-1,-1,-1,-1,-1,-1,-1,-1,-1,-1,-1,-1,-1,-1,-1,-1,-1,-1,-1,-1
-1,-1,-1,-1,-1,-1,-1,-1,-1,-1,-1,-1,-1,-1,-1,-1,-1,-1,-1,-1,-1,-1,-1,-1,-1,-1,-1,-1,-1,-1,-1,-1,-1,-1,-1,-1,-1,-1,-1,-1,-1,-1,-1,-1,-1,-1,-1,-1,-1
-1,-1,-1,-1,-1,-1,-1,-1,-1,-1,-1,-1,-1,-1,-1,-1,-1,-1,-1,-1,-1,-1,-1,-1,-1,-1,-1,-1,-1,-1,-1,-1,-1,-1,-1,-1,-1,-1,-1,-1,-1,-1,-1,-1,-1,-1,-1,-1,-1
-1,-1,-1,-1,-1,-1,-1,-1,-1,-1,-1,-1,-1,-1,-1,-1,-1,-1,-1,-1,-1,-1,-1,-1,-1,-1,-1,-1,-1,-1,-1,-1,-1,-1,-1,-1,-1,-1,-1,-1,-1,-1,-1,-1,-1,-1,-1,-1,-1
-1,-1,-1,-1,-1,-1,-1,-1,-1,-1,-1,-1,-1,-1,-1,-1,-1,-1,-1,-1,-1,-1,-1,-1,-1,-1,-1,-1,-1,-1,-1,-1,-1,-1,-1,-1,-1,-1,-1,-1,-1,-1,-1,-1,-1,-1,-1,-1,-1
-1,-1,-1,-1,-1,-1,-1,-1,-1,-1,-1,-1,-1,-1,-1,-1,-1,-1,-1,-1,-1,-1,-1,-1,-1,-1,-1,-1,-1,-1,-1,-1,-1,-1,-1,-1,-1,-1,-1,-1,-1,-1,-1,-1,-1,-1,-1,-1,-1
-1,-1,-1,-1,-1,-1,-1,-1,-1,-1,-1,-1,-1,-1,-1,-1,-1,-1,-1,-1,-1,-1,-1,-1,-1,-1,-1,-1,-1,-1,-1,-1,-1,-1,-1,-1,-1,-1,-1,-1,-1,-1,-1,-1,-1,-1,-1,-1,-1
-1,-1,-1,-1,-1,-1,-1,-1,-1,-1,-1,-1,-1,-1,-1,-1,-1,-1,-1,-1,-1,-1,-1,-1,-1,-1,-1,-1,-1,-1,-1,-1,-1,-1,-1,-1,-1,-1,-1,-1,-1,-1,-1,-1,-1,-1,-1,-1,-1
-1,-1,-1,-1,-1,-1,-1,-1,-1,-1,-1,-1,-1,-1,-1,-1,-1,-1,-1,-1,-1,-1,-1,-1,-1,-1,-1,-1,-1,-1,-1,-1,-1,-1,-1,-1,-1,-1,-1,-1,-1,-1,-1,-1,-1,-1,-1,-1,-1
-1,-1,-1,-1,-1,-1,-1,-1,-1,-1,-1,-1,-1,-1,-1,-1,-1,-1,-1,-1,-1,-1,-1,-1,-1,-1,-1,-1,-1,-1,-1,-1,-1,-1,-1,-1,-1,-1,-1,-1,-1,-1,-1,-1,-1,-1,-1,-1,-1
-1,-1,-1,-1,-1,-1,-1,-1,-1,-1,-1,-1,-1,-1,-1,-1,-1,-1,-1,-1,-1,-1,-1,-1,-1,-1,-1,-1,-1,-1,-1,-1,-1,-1,-1,-1,-1,-1,-1,-1,-1,-1,-1,-1,-1,-1,-1,-1,-1
-1,-1,-1,-1,-1,-1,-1,-1,-1,-1,-1,-1,-1,-1,-1,-1,-1,-1,-1,-1,-1,-1,-1,-1,-1,-1,-1,-1,-1,-1,-1,-1,-1,-1,-1,-1,-1,-1,-1,-1,-1,-1,-1,-1,-1,-1,-1,-1,-1
-1,-1,-1,-1,-1,-1,-1,-1,-1,-1,-1,-1,-1,-1,-1,-1,-1,-1,-1,-1,-1,-1,-1,-1,-1,-1,-1,-1,-1,-1,-1,-1,-1,-1,-1,-1,-1,-1,-1,-1,-1,-1,-1,-1,-1,-1,-1,-1,-1
-1,-1,-1,-1,-1,-1,-1,-1,-1,-1,-1,-1,-1,-1,-1,-1,-1,-1,-1,-1,-1,-1,-1,-1,-1,-1,-1,-1,-1,-1,-1,-1,-1,-1,-1,-1,-1,-1,-1,-1,-1,-1,-1,-1,-1,-1,-1,-1,-1
-1,-1,-1,-1,-1,-1,-1,-1,-1,-1,-1,-1,-1,-1,-1,-1,-1,-1,-1,-1,-1,-1,-1,-1,-1,-1,-1,-1,-1,-1,-1,-1,-1,-1,-1,-1,-1,-1,-1,-1,-1,-1,-1,-1,-1,-1,-1,-1,-1
-1,-1,-1,-1,-1,-1,-1,-1,-1,-1,-1,-1,-1,-1,-1,-1,-1,-1,-1,-1,-1,-1,-1,-1,-1,-1,-1,-1,-1,-1,-1,-1,-1,-1,-1,-1,-1,-1,-1,-1,-1,-1,-1,-1,-1,-1,-1,-1,-1
-1,-1,-1,-1,-1,-1,-1,-1,-1,-1,-1,-1,-1,-1,-1,-1,-1,-1,-1,-1,-1,-1,-1,-1,-1,-1,-1,-1,-1,-1,-1,-1,-1,-1,-1,-1,-1,-1,-1,-1,-1,-1,-1,-1,-1,-1,-1,-1,-1
-1,-1,-1,-1,-1,-1,-1,-1,-1,-1,-1,-1,-1,-1,-1,-1,-1,-1,-1,-1,-1,-1,-1,-1,-1,-1,-1,-1,-1,-1,-1,-1,-1,-1,-1,-1,-1,-1,-1,-1,-1,-1,-1,-1,-1,-1,-1,-1,-1
-1,-1,-1,-1,-1,-1,-1,-1,-1,-1,-1,-1,-1,-1,-1,-1,-1,-1,-1,-1,-1,-1,-1,-1,-1,-1,-1,-1,-1,-1,-1,-1,-1,-1,-1,-1,-1,-1,-1,-1,-1,-1,-1,-1,-1,-1,-1,-1,-1
-1,-1,-1,-1,-1,-1,-1,-1,-1,-1,-1,-1,-1,-1,-1,-1,-1,-1,-1,-1,-1,-1,-1,-1,-1,-1,-1,-1,-1,-1,-1,-1,-1,-1,-1,-1,-1,-1,-1,-1,-1,-1,-1,-1,-1,-1,-1,-1,-1
-1,-1,-1,-1,-1,-1,-1,-1,-1,-1,-1,-1,-1,-1,-1,-1,-1,-1,-1,-1,-1,-1,-1,-1,-1,-1,-1,-1,-1,-1,-1,-1,-1,-1,-1,-1,-1,-1,-1,-1,-1,-1,-1,-1,-1,-1,-1,-1,-1
-1,-1,-1,-1,-1,-1,-1,-1,-1,-1,-1,-1,-1,-1,-1,-1,-1,-1,-1,-1,-1,-1,-1,-1,-1,-1,-1,-1,-1,-1,-1,-1,-1,-1,-1,-1,-1,-1,-1,-1,-1,-1,-1,-1,-1,-1,-1,-1,-1
-1,-1,-1,-1,-1,-1,-1,-1,-1,-1,-1,-1,-1,-1,-1,-1,-1,-1,-1,-1,-1,-1,-1,-1,-1,-1,-1,-1,-1,-1,-1,-1,-1,-1,-1,-1,-1,-1,-1,-1,-1,-1,-1,-1,-1,-1,-1,-1,-1
-1,-1,-1,-1,-1,-1,-1,-1,-1,-1,-1,-1,-1,-1,-1,-1,-1,-1,-1,-1,-1,-1,-1,-1,-1,-1,-1,-1,-1,-1,-1,-1,-1,-1,-1,-1,-1,-1,-1,-1,-1,-1,-1,-1,-1,-1,-1,-1,-1
-1,-1,-1,-1,-1,-1,-1,-1,-1,-1,-1,-1,-1,-1,-1,-1,-1,-1,-1,-1,-1,-1,-1,-1,-1,-1,-1,-1,-1,-1,-1,-1,-1,-1,-1,-1,-1,-1,-1,-1,-1,-1,-1,-1,-1,-1,-1,-1,-1
-1,-1,-1,-1,-1,-1,-1,-1,-1,-1,-1,-1,-1,-1,-1,-1,-1,-1,-1,-1,-1,-1,-1,-1,-1,-1,-1,-1,-1,-1,-1,-1,-1,-1,-1,-1,-1,-1,-1,-1,-1,-1,-1,-1,-1,-1,-1,-1,-1
-1,-1,-1,-1,-1,-1,-1,-1,-1,-1,-1,-1,-1,-1,-1,-1,-1,-1,-1,-1,-1,-1,-1,-1,-1,-1,-1,-1,-1,-1,-1,-1,-1,-1,-1,-1,-1,-1,-1,-1,-1,-1,-1,-1,-1,-1,-1,-1,-1
-1,-1,-1,-1,-1,-1,-1,-1,-1,-1,-1,-1,-1,-1,-1,-1,-1,-1,-1,-1,-1,-1,-1,-1,-1,-1,-1,-1,-1,-1,-1,-1,-1,-1,-1,-1,-1,-1,-1,-1,-1,-1,-1,-1,-1,-1,-1,-1,-1
-1,-1,-1,-1,-1,-1,-1,-1,-1,-1,-1,-1,-1,-1,-1,-1,-1,-1,-1,-1,-1,-1,-1,-1,-1,-1,-1,-1,-1,-1,-1,-1,-1,-1,-1,-1,-1,-1,-1,-1,-1,-1,-1,-1,-1,-1,-1,-1,-1