//job,joblv,bexp_table,jexp_table,weight,hp,hp2,sp,ap,aspd*24(素手,短剣,片手剣,両手剣,片手槍,両手槍,片手斧,両手斧,片手鈍器,両手鈍器,片手杖,弓,爪,楽器,鞭,本,カタール,ハンドガン,ライフル,ガトリンガン,ショットガン,グレネードガン,風魔手裏剣,両手杖,盾)
 0,10,       0: 1: 0, 6:10: 6,20000,  0, 500, 100,   0, 480, 590, 700,2000,2000,2000, 620,2000, 600, 600, 590,2000,2000,2000,2000,2000,2000,2000,2000,2000,2000,2000,2000, 590,70		// NV:ノービス
 1,50,       0: 1: 0, 7:11: 7,28000, 70, 500, 200,   0, 380, 470, 540, 570, 590, 600, 610, 620, 580, 580,2000,2000,2000,2000,2000,2000,2000,2000,2000,2000,2000,2000,2000,2000,50		// SM:ソードマン
 2,50,       0: 1: 0, 7:11: 7,22000, 30, 500, 600,   0, 490, 580,2000,2000,2000,2000,2000,2000,2000,2000, 610,2000,2000,2000,2000,2000,2000,2000,2000,2000,2000,2000,2000, 610,70		// MG:マジシャン
 3,50,       0: 1: 0, 7:11: 7,26000, 50, 500, 200,   0, 310, 530,2000,2000,2000,2000,2000,2000,2000,2000,2000, 650,2000,2000,2000,2000,2000,2000,2000,2000,2000,2000,2000,2000,60		// AC:アーチャー
 4,50,       0: 1: 0, 7:11: 7,24000, 40, 500, 500,   0, 370,2000,2000,2000,2000,2000,2000,2000, 580, 580, 580,2000,2000,2000,2000,2000,2000,2000,2000,2000,2000,2000,2000, 660,60		// AL:アコライト
 5,50,       0: 1: 0, 7:11: 7,28000, 40, 500, 300,   0, 380, 580, 610,2000,2000,2000, 610, 630, 610, 610,2000,2000,2000,2000,2000,2000,2000,2000,2000,2000,2000,2000,2000,2000,50		// MC:マーチャント
 6,50,       0: 1: 0, 7:11: 7,24000, 50, 500, 200,   0, 370, 480, 600,2000,2000,2000, 600,2000,2000,2000,2000, 650,2000,2000,2000,2000,2000,2000,2000,2000,2000,2000,2000,2000,50		// TF:シーフ
 7,50:70:50, 0: 1: 0, 8:12: 8,28000,150, 500, 300,   0, 380, 510, 510, 560, 580, 580, 610, 610, 590, 590,2000,2000,2000,2000,2000,2000,2000,2000,2000,2000,2000,2000,2000,2000,50		// KN:ナイト
 8,50:70:50, 0: 1: 0, 8:12: 8,26000, 75, 500, 800,   0, 340,2000,2000,2000,2000,2000,2000,2000, 570, 570, 580,2000,2000,2000,2000, 570,2000,2000,2000,2000,2000,2000,2000, 580,50		// PR:プリースト
 9,50:70:50, 0: 1: 0, 8:12: 8,24000, 55, 500, 900,   0, 540, 560,2000,2000,2000,2000,2000,2000,2000,2000, 590,2000,2000,2000,2000,2000,2000,2000,2000,2000,2000,2000,2000, 590,70		// WZ:ウィザード
10,50:70:50, 0: 1: 0, 8:12: 8,30000, 90, 500, 400,   0, 340, 580, 590,2000,2000,2000, 590, 590, 600, 600,2000,2000,2000,2000,2000,2000,2000,2000,2000,2000,2000,2000,2000,2000,50		// BS:ブラックスミス
11,50:70:50, 0: 1: 0, 8:12: 8,27000, 85, 500, 400,   0, 330, 560,2000,2000,2000,2000,2000,2000,2000,2000,2000, 550,2000,2000,2000,2000,2000,2000,2000,2000,2000,2000,2000,2000,60		// HT:ハンター
12,50:70:50, 0: 1: 0, 8:12: 8,24000,110, 500, 400,   0, 310, 440, 570,2000,2000,2000, 620,2000,2000,2000,2000,2000,2000,2000,2000,2000, 440,2000,2000,2000,2000,2000,2000,2000,60		// AS:アサシン
13,50:70:50, 0: 1: 0, 8:12: 8,28000,110, 700, 470,   0, 350, 480, 480, 550, 570, 570, 600, 600, 590, 590,2000,2000,2000,2000,2000,2000,2000,2000,2000,2000,2000,2000,2000,2000,40		// CR:クルセイダー
14,50:70:50, 0: 1: 0, 8:12: 8,26000, 90, 650, 470,   0, 270,2000,2000,2000,2000,2000,2000,2000, 560, 560, 560,2000, 300,2000,2000,2000,2000,2000,2000,2000,2000,2000,2000, 560,50		// MO:モンク
15,50:70:50, 0: 1: 0, 8:12: 8,24000, 75, 500, 700,   0, 400, 470,2000,2000,2000,2000,2000,2000,2000,2000, 580,2000,2000,2000,2000, 550,2000,2000,2000,2000,2000,2000,2000, 580,50		// SA:セージ
16,50:70:50, 0: 1: 0, 8:12: 8,24000, 85, 500, 500,   0, 350, 470, 540,2000,2000,2000,2000,2000,2000,2000,2000, 570,2000,2000,2000,2000,2000,2000,2000,2000,2000,2000,2000,2000,50		// RG:ローグ
17,50:70:50, 0: 1: 0, 8:12: 8,30000, 90, 500, 400,   0, 340, 540, 560,2000,2000,2000, 590, 600, 580, 580,2000,2000,2000,2000,2000,2000,2000,2000,2000,2000,2000,2000,2000, 575,40		// AM:アルケミスト
18,50:70:50, 0: 1: 0, 8:12: 8,27000, 75, 300, 600,   0, 380, 560,2000,2000,2000,2000,2000,2000,2000,2000,2000, 590,2000, 570,2000,2000,2000,2000,2000,2000,2000,2000,2000,2000,60		// BA:バード
19,50:70:50, 0: 1: 0, 8:12: 8,27000, 75, 300, 600,   0, 380, 560,2000,2000,2000,2000,2000,2000,2000,2000,2000, 590,2000,2000, 570,2000,2000,2000,2000,2000,2000,2000,2000,2000,60		// DC:ダンサー
20,99,       0,       9,      20000,  0, 500, 100,   0, 480, 590, 700,2000,2000,2000, 620,2000, 600, 600, 590,2000,2000,2000,2000,2000,2000,2000,2000,2000,2000,2000,2000, 590,70		// SNV:スーパーノービス
21,50,       0,       7,      28000, 70, 500, 200,   0, 400,2000,2000,2000,2000,2000,2000,2000,2000,2000,2000,2000,2000,2000,2000,2000,2000,2000,2000,2000,2000,2000,2000,2000,60		// TK:テコンキッド
22,50,       0,      13,      28000, 90, 650, 470,   0, 380,2000,2000,2000,2000,2000,2000,2000,2000,2000,2000,2000,2000,2000,2000, 510,2000,2000,2000,2000,2000,2000,2000,2000,60		// SG:拳聖
23,50,       0,       8,      24000, 75, 500, 900,   0, 490, 560,2000,2000,2000,2000,2000,2000,2000,2000, 580,2000,2000,2000,2000,2000,2000,2000,2000,2000,2000,2000,2000, 580,60		// SL:ソウルリンカー
24,70,       0,      14,      28000, 90, 650, 470,   0, 490,2000,2000,2000,2000,2000,2000,2000,2000,2000,2000,2000,2000,2000,2000,2000,2000, 610, 620, 610, 770, 740,2000,2000,60		// GS:ガンスリンガー
25,70,       0,      14,      26000, 75, 500, 540,   0, 340, 470,2000,2000,2000,2000,2000,2000,2000,2000,2000,2000,2000,2000,2000,2000,2000,2000,2000,2000,2000,2000, 380,2000,60		// NJ:忍者
26,50,       0,       7,      20000,  0, 500, 100,   0,2000,2000,2000,2000,2000,2000,2000,2000,2000,2000,2000,2000,2000,2000,2000,2000,2000,2000,2000,2000,2000,2000,2000,2000,60		// MB:キョンシー
27,50,       0,       8,      20000,  0, 500, 100,   0,2000,2000,2000,2000,2000,2000,2000,2000,2000,2000,2000,2000,2000,2000,2000,2000,2000,2000,2000,2000,2000,2000,2000,2000,60		// DE:デスナイト
28,50,       0,       8,      20000,  0, 500, 100,   0,2000,2000,2000,2000,2000,2000,2000,2000,2000,2000,2000,2000,2000,2000,2000,2000,2000,2000,2000,2000,2000,2000,2000,2000,60		// DA:ダークコレクター
29,70,       2: 3: 2,15,      35000,150, 500, 300,   0, 490, 520, 520, 570, 590, 590, 590, 620, 580, 580,2000,2000,2000,2000,2000,2000,2000,2000,2000,2000,2000,2000,2000,2000,40		// RK:ルーンナイト
30,70,       2: 3: 2,15,      30000, 55, 500, 900,   0, 510, 570, 600,2000,2000,2000,2000,2000,2000,2000, 550,2000,2000,2000,2000,2000,2000,2000,2000,2000,2000,2000,2000, 550,60		// WL:ウォーロック
31,70,       2: 3: 2,15,      32000, 55, 500, 400,   0, 490, 560,2000,2000,2000,2000,2000,2000,2000,2000,2000, 460,2000,2000,2000,2000,2000,2000,2000,2000,2000,2000,2000,2000,60		// RA:レンジャー
32,70,       2: 3: 2,15,      30000, 75, 500, 800,   0, 270,2000,2000,2000,2000,2000,2000,2000, 560, 560, 550,2000, 300,2000,2000, 480,2000,2000,2000,2000,2000,2000,2000, 610,40		// AB:アークビショップ
33,70,       2: 3: 2,15,      38000, 90, 500, 400,   0, 490, 530, 540,2000,2000,2000, 550, 580, 540, 540,2000,2000,2000,2000,2000,2000,2000,2000,2000,2000,2000,2000,2000,2000,40		// NC:メカニック
34,70,       2: 3: 2,15,      32000,110, 500, 400,   0, 470, 440, 570,2000,2000,2000, 600,2000,2000,2000,2000,2000,2000,2000,2000,2000, 430,2000, 950,1200, 900,1000,1100,2000,60		// GC:ギロチンクロス
35,70,       2: 3: 2,15,      35000,110, 700, 400,   0, 490, 490, 490, 560, 580, 580, 590, 610, 600, 600,2000,2000,2000,2000,2000,2000,2000,2000,2000,2000,2000,2000,2000,2000,50		// LG:ロイヤルガード
36,70,       2: 3: 2,15,      30000, 75, 500, 900,   0, 460, 520, 500,2000,2000,2000,2000,2000,2000,2000, 540,2000,2000,2000,2000, 480,2000,2000,2000,2000,2000,2000,2000, 540,60		// SO:ソーサラー
37,70,       2: 3: 2,15,      32000, 75, 300, 400,   0, 490, 550,2000,2000,2000,2000,2000,2000,2000,2000,2000, 520,2000, 510,2000,2000,2000,2000,2000,2000,2000,2000,2000,2000,60		// MI:ミンストレル
38,70,       2: 3: 2,15,      32000, 75, 300, 400,   0, 490, 550,2000,2000,2000,2000,2000,2000,2000,2000,2000, 520,2000,2000, 510,2000,2000,2000,2000,2000,2000,2000,2000,2000,60		// WA:ワンダラー
39,70,       2: 3: 2,15,      30000, 90, 650, 400,   0, 200,2000,2000,2000,2000,2000,2000,2000, 550, 550, 570,2000, 220,2000,2000,2000,2000,2000,2000,2000,2000,2000,2000, 570,50		// SR:修羅
40,70,       2: 3: 2,15,      32000, 90, 500, 900,   0, 490, 530, 540,2000,2000,2000, 540, 570, 500, 500,2000,2000,2000,2000,2000,2000,2000,2000,2000,2000,2000,2000,2000,2000,40		// GN:ジェネティック
41,70,       2: 3: 2,15,      28000, 85, 500, 400,   0, 470, 480, 560,2000,2000,2000,2000,2000,2000,2000,2000, 520,2000,2000,2000,2000,2000,2000,2000,2000,2000,2000,2000,2000,40		// SC:シャドウチェイサー
42,70,       2      ,15,      20000,  0,5000, 500,   0, 480, 590, 700,2000,2000,2000, 620,2000, 600, 600, 590,2000,2000,2000,2000,2000,2000,2000,2000,2000,2000,2000,2000, 590,70		// ESNV:スーパーノービス(限界突破)
43,70,       2      ,15,      26000, 75, 500, 540,   0, 470, 450,2000,2000,2000,2000,2000,2000,2000,2000,2000,2000,2000,2000,2000,2000,2000,2000,2000,2000,2000,2000, 330,2000,60		// KG:影狼
44,70,       2      ,15,      26000, 75, 500, 540,   0, 470, 450,2000,2000,2000,2000,2000,2000,2000,2000,2000,2000,2000,2000,2000,2000,2000,2000,2000,2000,2000,2000, 330,2000,60		// OB:朧
45,70,       2      ,15,      28000, 90, 650, 470,   0, 510,2000,2000,2000,2000,2000,2000,2000,2000,2000,2000,2000,2000,2000,2000,2000,2000, 560, 610, 540, 720, 700,2000,2000,70		// RL:リベリオン
46,60,       3      ,16,      20000, 70, 500, 500,   0, 460,2000,2000,2000,2000,2000,2000,2000,2000,2000, 660,2000,2000,2000,2000,2000,2000,2000,2000,2000,2000,2000,2000,2000,60		// SU:サモナー
47,70,       2      ,15,      28000, 90, 650, 470,   0, 490,2000,2000,2000,2000,2000,2000,2000,2000,2000,2000,2000,2000,2000,2000, 540,2000,2000,2000,2000,2000,2000,2000,2000,50		// SJ:星帝
48,70,       2      ,15,      24000, 75, 500, 900,   0, 510, 540,2000,2000,2000,2000,2000,2000,2000,2000, 560,2000,2000,2000,2000,2000,2000,2000,2000,2000,2000,2000,2000, 570,50		// SP:ソウルリーパー
49,55,       4: 5: 4,17,      45000,150, 500, 300, 200, 490, 520, 520, 570, 590, 590, 590, 620, 580, 580,2000,2000,2000,2000,2000,2000,2000,2000,2000,2000,2000,2000,2000,2000,40		// DK:ドラゴンナイト
50,55,       4: 5: 4,17,      48000, 90, 500, 400, 200, 490, 530, 540,2000,2000,2000, 550, 580, 540, 540,2000,2000,2000,2000,2000,2000,2000,2000,2000,2000,2000,2000,2000,2000,40		// MT:マイスター
51,55,       4: 5: 4,17,      42000,110, 500, 400, 200, 470, 440, 570,2000,2000,2000, 600,2000,2000,2000,2000,2000,2000,2000,2000,2000, 430,2000, 950,1200, 900,1000,1100,2000,60		// SHC:シャドウクロス
52,55,       4: 5: 4,17,      40000, 55, 500, 900, 200, 510, 570, 600,2000,2000,2000,2000,2000,2000,2000, 550,2000,2000,2000,2000,2000,2000,2000,2000,2000,2000,2000,2000, 550,60		// AG:アークメイジ
53,55,       4: 5: 4,17,      40000, 75, 500, 800, 200, 270,2000,2000,2000,2000,2000,2000,2000, 560, 560, 550,2000, 300,2000,2000, 480,2000,2000,2000,2000,2000,2000,2000, 610,40		// CD:カーディナル
54,55,       4: 5: 4,17,      42000, 55, 500, 400, 200, 490, 560,2000,2000,2000,2000,2000,2000,2000,2000,2000, 460,2000,2000,2000,2000,2000,2000,2000,2000,2000,2000,2000,2000,60		// WH:ウィンドホーク
55,55,       4: 5: 4,17,      45000,110, 700, 400, 200, 490, 490, 490, 560, 580, 580, 590, 610, 600, 600,2000,2000,2000,2000,2000,2000,2000,2000,2000,2000,2000,2000,2000,2000,50		// IG:インペリアルガード
56,55,       4: 5: 4,17,      42000, 90, 500, 900, 200, 490, 530, 540,2000,2000,2000, 540, 570, 500, 500,2000,2000,2000,2000,2000,2000,2000,2000,2000,2000,2000,2000,2000,2000,40		// BO:バイオロ
57,55,       4: 5: 4,17,      38000, 85, 500, 400, 200, 470, 480, 560,2000,2000,2000,2000,2000,2000,2000,2000, 520,2000,2000,2000,2000,2000,2000,2000,2000,2000,2000,2000,2000,40		// ABC:アビスチェイサー
58,55,       4: 5: 4,17,      40000, 75, 500, 900, 200, 460, 520, 500,2000,2000,2000,2000,2000,2000,2000, 540,2000,2000,2000,2000, 480,2000,2000,2000,2000,2000,2000,2000, 540,60		// EM:エレメンタルマスター
59,55,       4: 5: 4,17,      40000, 90, 650, 400, 200, 200,2000,2000,2000,2000,2000,2000,2000, 550, 550, 570,2000, 220,2000,2000,2000,2000,2000,2000,2000,2000,2000,2000, 570,50		// IQ:インクイジター
60,55,       4: 5: 4,17,      42000, 75, 300, 400, 200, 490, 550,2000,2000,2000,2000,2000,2000,2000,2000,2000, 520,2000, 510,2000,2000,2000,2000,2000,2000,2000,2000,2000,2000,60		// TRB:トルバドゥール
61,55,       4: 5: 4,17,      42000, 75, 300, 400, 200, 490, 550,2000,2000,2000,2000,2000,2000,2000,2000,2000, 520,2000,2000, 510,2000,2000,2000,2000,2000,2000,2000,2000,2000,60		// TRV:トルヴェール
