// job_bonus  0-non +1-str +2-agi +4-vit +8-int +16-dex +32-luk +64-pow +128-sta +256-wis +512-spl +1024-con +2048-crt
//x NV,SM,MG,AC,AL,MC,TF,KN,PR,WZ,BS,HT,AS,CR,MO,SA,RG,AM,BA,DC,SNV,TK,SG,SL,GS,NJ,MB,DE,DA,RK,WL,RA,AB,NC,GC,LG,SO,MI,WA,SR,GN,SC,ESNV,KG,OB,RB,SU,SJ,SP,DK,MT,SHC,AG,CD,WH,IG,BO,ABC,EM,IQ,TRB,TRV
 0,32,16, 0, 2, 4, 0, 1, 8, 0
 0, 1, 0, 0, 0, 4, 0, 0, 0,16, 0, 0, 0, 1, 0, 0, 0, 4, 0, 0, 0,16, 0, 0, 0,32, 0, 0, 0, 2, 0, 0, 1, 0, 0,16, 0, 4, 0, 1, 0, 4, 0,32, 0, 2, 1, 0, 1, 1
 0, 8, 0, 0, 0,16, 0, 0, 0,16, 0, 0, 0, 8, 0, 0, 0, 2, 0, 0, 0, 8, 0, 0, 0, 2, 0, 0, 0,32, 0, 0, 8, 0, 0,16, 0, 8, 0, 2, 0,32, 0, 8, 0, 8, 2, 0,32, 8
 0,16, 0, 0, 0, 1, 0, 0, 0, 8, 0, 0, 0,16, 0, 0, 0,16, 0, 0, 0,32, 0, 0, 0, 2, 0, 0, 0,16, 0, 0, 2, 0, 0,16, 0, 1, 0, 1, 0,16, 0,32, 0, 4, 8, 0, 2,16
 0,32, 0, 0, 0, 4, 0, 0, 0, 8, 0, 0, 0,16, 0, 0, 0,32, 0, 0, 0, 2, 0, 0, 0, 1, 0, 0, 0, 4, 0, 0, 8, 0, 0,16, 0,32, 0, 2, 0, 1, 0, 4, 0, 8,16, 0, 1,32
 0, 4, 0, 0, 0,16, 0, 0, 0, 1, 0, 0, 0,16, 0, 0, 0, 4, 0, 0, 0, 1, 0, 0, 0, 8, 0, 0, 0, 4, 0, 0, 2, 0, 0,32, 0,16, 0, 1, 0,16, 0, 1, 0,32, 4, 0, 1,16
 0, 2, 0, 0, 0, 1, 0, 0, 0,16, 0, 0, 0, 4, 0, 0, 0, 8, 0, 0, 0,16, 0, 0, 0,32, 0, 0, 0, 1, 0, 0, 2, 0, 0, 2, 0, 1, 0,32, 0,16, 0, 4, 0,32, 1, 0,16, 2
 1, 2,32,16, 4, 1, 1, 1, 0, 2,16, 4, 8, 2, 0,16, 2, 0, 1, 0, 0, 4, 0, 0, 1, 0,32,16, 4, 0,16, 0, 1, 0, 0,16, 2,32, 0, 4, 1, 0, 4,16, 0, 1, 1, 0,16, 0, 0, 1, 2, 0, 0, 1, 1, 4, 0, 2, 0,16, 0, 1, 2, 0, 8, 4, 0, 1
 8, 0, 2, 4, 1, 0, 8, 2, 0, 0, 8, 1,16, 0, 0,16, 0, 0, 2, 8, 1, 4, 8, 8, 0,16, 0,16, 2, 4, 1, 0, 0, 8, 0, 0,16, 1, 0,32, 0, 2,16, 0, 1,16, 8, 0,32, 4, 4, 0, 0, 0, 2,16, 8, 4, 0, 1, 8,16, 0, 0, 2, 8, 4, 2, 0, 8
 8,16, 4, 0, 8, 0, 0, 2,16, 8, 0,32, 0, 8, 0, 0,16, 2, 8, 1, 0,16,16, 8, 0, 2, 0, 8, 4, 0,16, 8, 0, 2, 0, 0, 8, 8, 8, 1,32, 0,16, 0, 0, 8, 4, 0, 8, 2, 0, 0, 4, 0, 8, 2,32, 0, 8, 1,16, 8, 0, 0, 2, 4,16, 0, 2, 8
16, 1, 1, 8, 0,16, 2,32, 4, 0, 0,16, 4, 0, 8,32, 1, 0, 2, 2, 0, 8,16, 0, 0, 1, 0,32, 4, 0, 2,16, 1, 8, 0, 2, 0,16,32, 0,16, 0, 0,32,32, 0,16, 4, 0, 8, 0, 1, 0, 0, 0,16,16, 2, 0, 4, 8,16, 0, 2, 4,32,32, 0, 0,16
16, 2,16,16, 8, 2, 0, 1, 0, 2, 2, 4, 0,32, 0,16,16, 0, 0, 8, 2,16, 0, 1,32,16, 0, 2, 0,16,32, 4, 2, 0,16,32, 0, 2, 0,16, 0, 8, 2, 0, 1,16, 0, 2, 0,32,16, 0, 0, 8, 4, 0,32, 2, 0,16, 1,32, 0, 0, 8, 0, 0, 0,16,32
 2, 1,32, 2, 2, 0, 1,32, 4,16, 0, 1, 0, 0, 2,32, 0,32, 0, 2, 1, 0,16, 2, 2,32, 0, 0, 1, 0, 2, 2, 2,32, 0, 0,16, 1,16, 0, 0, 2,16, 0, 0, 2, 4,32, 0, 1, 2, 0,16, 1, 0, 2,16, 0, 0, 0,16, 2, 0,16,32, 1, 0, 0, 4,16
 4, 1, 2, 0, 0,16, 8, 2, 4, 1, 0,16, 0, 8, 4, 2,16, 1, 0, 0, 4, 0,16, 2, 0, 1, 0, 0, 8, 4, 0, 0, 1, 0, 0,16, 2, 0,32, 1, 0, 4, 8, 0,16, 0, 0, 1, 4, 0, 0, 2, 4, 8, 1, 0,16, 0,32, 2, 8, 0, 4, 1, 8, 0,32,16, 4, 2
 1, 8, 4, 2, 0,16, 0, 0, 1, 0, 8, 2,32, 0, 4,16, 1, 0, 0, 2, 2,16, 0, 4, 0, 0, 1, 0, 2,16, 0, 0, 8,32, 0, 0, 1,16, 4, 0, 0, 4, 0,16, 2,32, 8, 1, 0,16, 0, 2,16, 0, 0, 8, 0, 4, 1,16, 0, 2, 0, 8, 1, 1,16, 4, 8, 2
 8, 8, 2, 0, 1, 0, 4,16, 0, 0, 8, 2, 0, 8, 0,16, 0, 1, 0,16,32, 8, 2, 4, 0,16, 1, 0,16, 8, 0, 2, 0,16, 0, 1,16, 8, 4, 0, 8, 0, 2, 0, 1,16, 0, 0, 8, 2, 0,16, 0, 2,16, 1, 8, 0, 0, 2, 0,16, 4, 8, 0,32, 0, 8, 2, 8
 1, 2, 0,32, 8, 4, 0, 0, 2,16, 1, 2, 0, 0, 4,16,16, 0, 0,32, 2, 1, 0,32, 0,16, 2, 0,16, 0,32, 1, 0, 2, 0, 0,16,16, 0, 0, 2, 4, 1, 8, 2, 0, 1, 0,16,32, 0,16, 1, 0, 0,16, 8, 2,32,16, 0, 1, 4, 2, 0,16, 1, 0, 0, 2
16, 0,32, 0, 2, 1, 8,32, 4,16, 0, 0, 8, 0,16, 0, 0, 2, 0,32, 0, 8,16, 0,32, 0, 2, 0, 0, 8, 1, 0, 4,32,16, 0, 0, 2, 0, 0,16,16,16, 0,32, 8,16, 0,16, 0,32,32, 1, 2, 0,16,16, 0, 8,32, 4, 0,16,32, 0, 1, 2, 8,32,16
 2,16, 0, 2, 1, 0,16, 8, 2, 1,32, 0, 2, 0,16, 4, 0,32, 1, 0, 8, 0,16, 2, 0,32, 0, 8, 0,16, 0, 2, 1, 0, 0, 2, 0, 0,16,16, 8, 0,16, 0, 1, 0,32, 0, 2,16, 0, 0, 2, 1, 0,16,16, 2, 4, 0,16, 1,16, 0, 2,16, 0, 2, 8, 1
16, 1, 0, 2, 0, 1, 0, 8,16, 0, 2, 2, 2,16,16, 0, 4,16, 0, 1, 0,16,16, 0, 2, 8,32,16, 0, 0, 2, 0,16, 0, 1, 0, 0, 2, 8, 0,16, 0,16, 0,16, 0, 2, 0,16, 1, 0, 2, 8, 4, 0, 0, 2,16, 0, 8, 2, 2,32, 0,16, 1, 2, 0,16, 2
 1, 0, 2, 0, 4, 0, 8, 0,16, 0,32, 0, 1, 0, 2, 0, 4, 0, 8, 0,16, 0,32, 0, 1, 0, 2, 0, 4, 0, 8, 0,16, 0,32, 0, 1, 0, 2, 0, 4, 0, 8, 0,16, 0,32, 0, 1, 0, 0, 2, 0, 0, 0, 4, 0, 0, 0, 8, 0, 0, 0,16, 0, 0, 0,32, 0, 0, 0, 0, 0, 0, 0, 0, 0, 0, 0, 0, 0, 0, 0, 0, 0, 0, 0, 0, 0, 0, 0, 0, 0, 0, 0, 0, 0, 0, 0
 1, 1, 1, 1, 1, 1, 0, 0, 0,16,16,16,16,16,16, 0, 0, 0, 0, 2, 2, 2, 2, 2, 2, 0, 0, 0, 0, 0, 0, 0, 0, 0, 0, 0, 0, 0, 0, 0, 0, 0, 0, 0, 0, 0, 0, 0, 0, 0
 1, 1, 1, 1, 1, 1, 1, 1, 1, 1, 1, 1, 0, 0, 0, 0, 0, 0, 0,16,16,16,16,16,16, 0, 0, 0, 0, 0, 0, 0, 0, 0, 0, 0, 0, 0, 2, 2, 2, 2, 2, 2, 2, 2, 2, 2, 2, 2
 8, 8, 8, 8, 8, 8, 8, 8, 8, 8, 8, 8, 0, 0, 0, 0, 0, 0, 0, 4, 4, 4, 4, 4, 4, 0, 0, 0, 0, 0, 0, 0, 0, 0, 0, 0, 0, 0,16,16,16,16,16,16,16,16,16,16,16,16
16,32, 0,32, 0,16, 0, 0, 0, 0,16,32, 0, 0, 0, 0,16, 0, 0, 0,32, 0, 0, 0,16, 0, 0, 0, 0, 0,32, 1, 0, 0,16, 0, 0, 0, 0, 0, 1, 0, 0, 0,16, 0, 0, 0, 0, 1,32, 8, 0, 0,16, 0, 0, 0, 2, 4, 8,16,32, 1, 0, 0, 0, 0, 0, 0
 2, 2, 0, 0, 0, 0, 0, 0, 0,16, 2, 0, 0, 0, 0, 0, 0, 0, 0, 8, 2,16, 0, 0, 0, 0, 0, 0, 8,32, 2,16, 0, 0, 0, 0, 0, 0, 0,32, 2, 8,16, 0, 0, 0, 0, 0, 0, 8, 2,32,16, 0, 0, 0, 0, 0, 1, 4, 2, 8,16,32, 0, 0, 0, 0, 0, 0
 0, 0, 0, 0, 0, 0, 0, 0, 0, 0, 0, 0, 0, 0, 0, 0, 0, 0, 0, 0, 0, 0, 0, 0, 0, 0, 0, 0, 0, 0, 0, 0, 0, 0, 0, 0, 0, 0, 0, 0, 0, 0, 0, 0, 0, 0, 0, 0, 0, 0
 0, 0, 0, 0, 0, 0, 0, 0, 0, 0, 0, 0, 0, 0, 0, 0, 0, 0, 0, 0, 0, 0, 0, 0, 0, 0, 0, 0, 0, 0, 0, 0, 0, 0, 0, 0, 0, 0, 0, 0, 0, 0, 0, 0, 0, 0, 0, 0, 0, 0
 0, 0, 0, 0, 0, 0, 0, 0, 0, 0, 0, 0, 0, 0, 0, 0, 0, 0, 0, 0, 0, 0, 0, 0, 0, 0, 0, 0, 0, 0, 0, 0, 0, 0, 0, 0, 0, 0, 0, 0, 0, 0, 0, 0, 0, 0, 0, 0, 0, 0
 8, 8,16, 4, 8, 0, 0, 0, 0, 1, 1, 8, 8, 4,16, 0, 0, 0,16, 2, 2, 8, 4,16, 0, 0, 0, 0, 0, 8,16, 4, 1, 0, 0, 0, 0, 0, 8,16, 2, 0, 0,16, 4, 8,32,32,32, 8, 1, 0, 2, 0,16, 0,32, 0, 4, 1, 4, 0, 2, 0,32,16, 0, 2, 0, 1
 8, 8,16, 0, 0,16, 8, 2, 0, 0, 0, 8,16, 0, 4, 0, 0, 4,16, 2, 0, 0, 8, 4, 4, 0, 0,16, 2, 0,32, 0, 0, 1, 8, 8, 0, 0,16, 2, 8, 0, 0, 8, 8, 0, 2, 0, 0, 8,16, 4,32, 2, 8, 0, 4, 2,16, 8, 0, 8,32, 0, 4, 0, 8,32, 0, 4
16, 8, 8, 2, 0, 0, 2,16, 8, 0, 0, 4, 4, 4, 0, 0,16, 2, 0, 0, 8, 4,16, 0, 0, 1, 1, 0, 0,16, 2, 4, 0, 0, 0, 8, 8, 8, 2, 0, 0, 0, 2,16, 2, 0, 0, 0, 8, 2,32,16, 0, 8, 2, 0, 4,32,16, 2, 2, 0, 4, 0,32, 2, 0, 4, 0,32
 8, 0, 4, 0,16, 0, 8, 8, 0, 4, 4, 0, 0,16,16, 0, 0, 1, 1, 0, 0, 8, 0, 1, 0, 2, 2, 1, 0, 0, 0, 8, 0, 4, 0,16, 0, 2, 2, 8, 8, 0, 0,16, 4, 1, 0, 0, 8,16,32, 2, 4, 1, 8, 0, 4,32,16, 8, 8, 0,32, 0, 2, 8, 0,32, 0, 2
32, 1, 0, 0, 1, 0,32, 2,16, 8, 0, 0, 8,32, 0, 0, 2, 0, 4, 4, 8,16, 0, 0, 4,32, 0, 0, 4, 0, 1, 1, 4,32, 0, 0, 8, 8, 0, 0, 0, 4, 4, 1, 1, 0, 0,16, 2, 0,32, 1,16, 0, 8, 4, 2, 0,16, 1, 1, 0, 0, 4, 2, 1, 0, 0, 4, 2
 2,16, 0, 1, 1, 0, 0, 0, 1, 2,16, 0, 0, 4, 4, 1, 0, 0, 4, 1, 0, 0, 2, 2,16, 0, 0, 8, 8, 1, 4, 0, 0, 0, 2,16,16, 0, 0, 0, 8, 4, 2, 2, 0, 0, 0, 8,16,16,32, 1, 2, 4, 0, 8, 0, 1,32, 2, 0,16, 0,32, 2, 0,16, 0,32, 2
 0, 4, 8, 1, 8,16, 0, 0, 4, 0, 8, 0, 1,16, 0,32, 0, 0, 8,16, 0, 0, 2, 8, 0, 8, 4, 0, 0, 1,16, 0,32, 2, 0, 0, 8, 8, 0, 1, 4, 4, 0,16, 1, 8, 0, 1,16, 0, 2, 0, 4,32, 0,16, 0, 1, 4, 8, 0,16, 0, 4, 1, 0,16, 0, 4, 1
 8, 8,16, 4, 8, 0, 0, 0, 0, 1, 1, 8, 8, 4,16, 0, 0, 0,16, 2, 2, 8, 4,16, 0, 0, 0, 0, 0, 8,16, 4, 1, 0, 0, 0, 0, 0, 8,16, 2, 0, 0,16, 4, 8,32,32,32, 8,16, 0, 1, 0, 2, 0, 4, 0,16, 8, 8, 0,32, 0, 4, 8, 0,32, 0, 4
 8, 0, 4, 0,16, 0, 8, 8, 0, 4, 4, 0, 0,16,16, 0, 0, 1, 1, 0, 0, 8, 0, 1, 0, 2, 2, 1, 0, 0, 0, 8, 0, 4, 0,16, 0, 2, 2, 8, 8, 0, 0,16, 4, 1, 0, 0, 8,16, 2, 4, 1,32, 0,16, 4, 1, 8,16, 2, 0,16, 0,32, 2, 0,16, 0,32
16, 8, 8, 2, 0, 0, 2,16, 8, 0, 0, 4, 4, 4, 0, 0,16, 2, 0, 0, 8, 4,16, 0, 0, 1, 1, 0, 0,16, 2, 4, 0, 0, 0, 8, 8, 8, 2, 0, 0, 0, 2,16, 2, 0, 0, 0, 8, 2, 1, 4,16, 0,32, 8, 0, 4, 2,16, 0, 1, 0,32, 1, 0, 1, 0,32, 1
 2,16, 0, 1, 1, 0, 0, 0, 1, 2,16, 0, 0, 4, 4, 1, 0, 0, 4, 1, 0, 0, 2, 2,16, 0, 0, 8, 8, 1, 4, 0, 0, 0, 2,16,16, 0, 0, 0, 8, 4, 2, 2, 0, 0, 0, 8,16,16, 1, 0, 2, 8,32, 4, 0,16, 1, 8, 1, 0, 8, 0, 2, 1, 0, 8, 0, 2
 8, 8,16, 0, 0,16, 8, 2, 0, 0, 0, 8,16, 0, 4, 0, 0, 0,16, 2, 0, 0, 8, 4, 4, 0, 0,16, 0, 0,34, 0, 0, 0, 8, 8, 1, 4,16, 2, 8, 0, 0, 8, 8, 0, 2, 0, 0, 8, 1, 4,16, 0, 2, 1, 4,32,16, 8,32, 1, 0, 4, 0,32, 1, 0, 4, 0
32, 1, 0, 0, 1, 0,32, 2,16, 8, 0, 0, 8,32, 0, 0, 2, 0, 4, 4, 8,16, 0, 0, 4,32, 0, 0, 4, 0, 1, 1, 4,32, 0, 0, 8, 8, 0, 0, 0, 4, 4, 1, 1, 0, 0,16, 2, 0, 8, 4, 1, 2, 0,32,16, 0, 1, 2, 0,16, 2, 0, 2, 0,16, 2, 0, 2
 1, 2, 0, 4, 0, 8,16, 0,32, 0, 1, 2, 0, 4, 0, 8,16, 0,32, 0, 1, 2, 0, 4, 0, 8,16, 0,32, 0, 1, 2, 0, 4, 0, 8,16, 0,32, 0, 1, 2, 0, 4, 0, 8,16, 0,32, 0, 1, 2, 0, 4, 0, 8,16, 0,32, 0, 1, 2, 8,16, 0, 1, 2, 8, 0,16
16, 0, 8, 0, 2, 4, 0, 1,32, 0,16, 1, 2, 0, 8,32, 4, 0, 0, 0, 2,16, 1, 4, 8, 0,16, 0, 2, 0, 1, 8,32,16, 8, 0, 4,16, 1, 0, 2, 8, 1, 0,16,32, 2, 1, 0,16, 0, 0, 0, 0, 2, 0, 0, 0, 0, 2, 2, 0, 4, 0,32,16, 0, 2, 0, 4
16, 0, 8, 0, 2, 4, 0, 1,32, 0,16, 1, 2, 0, 8,32, 4, 0, 0, 0, 2,16, 1, 4, 8, 0,16, 0, 2, 0, 1, 8,32,16, 8, 0, 4,16, 1, 0, 2, 8, 1, 0,16,32, 2, 1, 0,16, 0, 0, 0, 0, 2, 0, 0, 0, 0, 2, 2, 0, 4, 0,32, 2, 0, 4, 0,32
 0,16, 0, 8, 0, 4,16, 8, 2,32, 0, 0, 4, 8, 0, 2,16, 8, 4,32, 0, 0, 4,16, 1, 8, 2, 0, 0,32, 4, 0,16, 8, 1, 0, 0,16, 0, 2,32, 0,16, 4, 8, 0, 0, 0, 0, 1, 2,32, 0, 8,16, 0, 2, 0, 0,16, 0,16, 0,32, 2,16, 0, 0, 2,32
 0,16, 4, 0,16, 4, 0, 2, 8, 0, 2, 8,16, 0, 2, 8,16, 0, 2, 8,16, 0,32, 4,16, 0, 2, 0,32, 0, 8,16, 0,32, 0, 8,32, 0, 2, 0,16, 8, 4, 0,16,32, 4, 2, 0,16, 0, 0, 8, 0,16, 0, 0, 8, 0,16
 1,16, 0, 0, 2, 0, 8, 1,32, 0,16, 1, 2, 0, 8,32, 4, 0, 1,16, 2, 0, 1, 4, 8, 0,16, 0, 2,16, 1, 0, 0,16, 2,32, 4,16, 1, 0, 2, 4, 1, 0,16, 0, 2, 1, 0,16, 0, 0, 0, 0, 0, 1, 0, 0, 2, 0, 1, 0, 0, 4, 2, 4, 0, 0, 1, 2
 8,16, 0, 0, 8, 4,16, 0, 0, 0,16, 8, 2, 0,16, 8, 4, 0, 1,16, 2, 0, 0, 4, 8,16, 0, 1, 2,16, 8, 0, 0,16, 2, 0, 4,16, 8, 0, 2, 4, 1, 8,16, 0, 2, 0, 8,16, 0, 2, 0, 8, 0, 0, 0, 0, 8, 0, 0,16, 0, 4,32, 0,16, 0, 4,32
  65, 528,2050,  16,1030,   0, 544, 136,2049,  16,1032,   2,   0,  36,   0,  65,  16,1032,   6, 512,  32, 128,  18, 513,2052,  72,  16,  32,1088,   1,  40, 260,   2,2048,1040,  65, 136,   2, 512, 160,   0,2052,  72, 272, 128,1088, 264,   0,2050,  68,2048,  64,   0,2112, 128
   1,  17,   5,  12,  40,  65,   1,   4,  33, 129,   4,  65,   8,   2,  34,   1,   6,   4,  12,   1,  24,   4,   8,  18,   2, 144,  16,  34,2080,  64,2304,2048,1152,2112, 128,2080, 256, 320, 128,1024, 128,1024, 132,2052,1024,1024,2112,1152, 128, 320,  64,1024, 384,   0,  64
   3,   3,  18,  33,  64,  10,   5,  80,  40, 128,  18,  64,   6,   4,   3,  64,   9,  64,   2, 144,  20,   8,  20,1040,  17,  16,   3,  32,   2,  40,  64,1024,  64, 128,3072,   2,1088,2048, 384, 192, 256,  64,   4, 128, 384,2048,1024,2048,1280,2112,  64,   0,1024,2176,2048
 520,  16, 256, 516,  12,  32,1280,   2,   3, 256,   8,  12, 528,1152,  32,  10, 128,  24,   8,  12, 544,1024, 130,  16,  24, 520,1024,   2, 544,2048,  18,  16,1024,1032,   8, 512, 516,  10,  16,   4, 132,1024, 516, 136, 256, 520, 512, 384,1024, 384,   0, 512,1024, 384, 512
   9, 512, 136, 528,   2, 130,  32, 520,   4,   4,  72,   8,  16,  80,   1,  18,  36,   9,  18,  12,   1,   8,  16,  65, 128, 258, 272,   8,   4,2056,   2,2050,   8,  36, 512,1032,   4,1024, 513,1024,  32,  64, 576, 256,3072,2112, 768, 128,2112,2560, 512,  64, 128, 256,2048
  16,   4,1026,   8,  66,   4,1024, 528, 260,   2,1028,   2,  66,1056, 528, 136,2048,1056,   2,   4, 264,  16, 129,  64,   4,  10,  32,1024,1040, 128,2080, 512, 258,  72,   4, 272,   8,  10,   2,2112, 514, 192,  16,1280,   9,2048,  66,   8,   4,1040,1024,1088, 128,   0,  64
  64,   9,  20, 528,   5,  20, 513,  16, 513,1032,  32,   2,  96,  10,   8,  68,   9,   4,   9,  24,   8,   5, 128,   4,   8,   9,  64,  16,   4,  64,  33, 528, 528, 128, 132, 512, 272, 258, 128, 256,2176,1280,2048, 128, 512, 256,2048,1152, 128, 192,  64, 128, 128,   0,1280
   8,2056,  16, 640,   4,1536,  16,  12,   2, 256,1028,2048,   8,  16,2560,   4,  32,  65,1028,  16,  66,1024, 128,2056,  68,   4, 320,2048,2064,   2,1024,2080,  64, 512,   9,   9,  24,  64,2304,  18,   3,  12, 288,2064,   8,   8,1024,  10, 160,2049,2048, 128,2112,   0,1024
  96, 513,  16,  32,   9,   8,  96, 130,1040,  12,1028,   1,   9,  32, 512,2064, 258,   4, 264, 132,   9,  20, 130,  32,   6,  32,   3,   2,   6,  16,   3,   1,   4, 320, 512,  64,1152,  16,2048,2048, 130,  64,2048,  64,2560, 512, 256,1536, 128, 576,  64,2048,   0, 128,1152
 520,  24,  20,   5, 520,  72, 514,   8,1025,2064,   8,   4,  16,  12,  72,   4,  32,  72,  48,  34,  10, 272,   4,  17, 160,1024, 132,   8,   4,  48,  10, 512,   8,  16,   1, 512,1024,2048,3072,1024, 768, 512, 256, 128, 384, 256, 640, 512, 128, 768, 512, 128, 128, 256, 512
  18,  17,  72,   1,  65,   1,  80,  10,  17,   2, 144,   6, 256,   6,  40, 129,  12,   9,  20,  20,   2,   3,   2,  16,   2,   1,2048,1024,2048,  72,  64,2304, 512, 512,  64, 128,1024,1024,2048,1024, 512,2056,  66,1024, 136, 128, 260,2048, 192, 320,  64, 128, 128,   0, 320
   8, 129,  12,1040,  18, 512,  72,1032, 256,   6,   4, 160,1024,2064,  16, 512, 128,   1,1025,1024,  64,   8, 256,  65, 512,   2, 130, 257, 128,2080,   2,   8,1040,   4,  64,2064,1280,2050,   2,  24,  12, 512,1088,  17,  36,   1, 144, 512,1032,  16,1024, 512, 128,   0,1088
  16, 136,   8,1026,   5, 512,  66,1040, 264,   3,  20, 128,1028,2052,   1, 512, 144,   6,1024,1024,  72,   4, 272,  64, 513,  33, 129, 256, 128,2064,   2,   4,1056,   8,  64,2056,1280,2056,  40,   3,  16, 512,1088,  16,   2,   2, 128, 512,1032,   2,1024, 128, 512,   0,1088
  17,  65,  10,  19,  73,   1,  17,2064,   6,  16,  12,  33,   5,2048, 256,   1,   3, 128,  64,   1,  16,   2,   2,  17,   2,  48,1024,  66,  20,1056,   6,   2, 132,  64,1152,  64,1024,2048, 128,  64,  64,2176, 128,  64,2176,2048, 320, 128,1024,2112,1152,   0, 128,   0,1088
  12,  24, 514,  24,  24, 528,  24,  20, 520,  20,  10,  24,1280,  40,  12,2052,  16,1024, 256, 128,  16, 528,  40, 128,   2, 512,   1,   6,   3, 512, 256,  18,1024,   2,  20,   1, 512, 128, 128,2048, 128, 128,1280, 768, 512,1024, 512,2048,1152, 768, 512,1024, 256, 128, 512
   9,  16,  72,   1,  18,  32,  17,   2,  24,2048,  12,   1,   5, 128, 272,   1,   3,  16,   1,   2,  16,   3,  32,  20,1024,  20,  66,   6,1056,2048,  64,   6, 192, 256,1152,2112,1024, 128,  65, 128,  64, 192,2048,2176, 128,2048, 320,1024,2048,  64,2048,1024, 256, 128, 128
   9,  16, 264,   1,  18,  32,  24,   2,  24,2048,  12,   8,   5, 128, 272,   8,   3,  16,   8,   2,  16,  10,  32,  20,1024,  20, 258,  18,1056,2048, 256,   6, 192, 256,1152,2304,1024, 128, 264, 128, 256, 192,2048,2176, 128,2048, 320,1024,2048, 256,  64, 512,   0, 512,1536
 129,   3,  36,  40,  12,  20,  80,   2,  32, 288,  16,  18,  34,  24, 160,  12,   8,  16,  24,   6,  80, 272,  66,   2,  34,1032,2064,1024,   4,   9,1040,  64,2176,2048,  64,3072,   0,1280,   0,  64,1152, 128,2048,  64,1024, 192,1024, 256,1024,  64,1024,   0,1088, 256,  64
   3,  24,   4,  32,  67, 536,   4,1056,  16,   2, 128,   4, 296,   8,   1,2048,1029,   1, 520,  65,2048, 520,   8, 192,   1,   2,1024,  16,   4, 576,   4, 256, 576, 128,   9,1024,  32,2048, 768,1088,   1,   8, 192,  32, 768,  32,1024,   9, 576,  18,1024,1088, 128,   0, 512
 144,  24,2056, 129,  20,  16,   2,  40, 514,  65,2064,1028,   2,  16, 520,  16,   8, 272,   2,  66,  16, 516,   1,1032,2056, 132, 288,  32,  16, 520,   1,1040,  66,   4,  16,   1,   8, 544,1088,  32,  64, 768,   2,  64,1536, 128,1280, 128,2048,  64,1024,  64, 512, 256, 128
