//mob_random.txt
// ランダム召喚系のモンスターを設定
// RandomID,MobID,Rate

//Branch_Of_Dead_Tree#古木の枝#
1,1001,3	//スコーピオン
1,1002,14	//ポリン
1,1004,5	//ホーネット
1,1005,5	//ファミリアー
1,1007,6	//ファブル
1,1008,1	//プパ
1,1009,5	//コンドル
1,1010,5	//ウィロー
1,1011,5	//チョンチョン
1,1012,5	//ロッダフロッグ
1,1013,5	//ウルフ
1,1014,5	//スポア
1,1015,5	//ゾンビ
1,1016,3	//アーチャースケルトン
1,1018,5	//クリーミー
1,1019,5	//ペコペコ
1,1020,5	//マンドラゴラ
1,1023,3	//オークウォリアー
1,1024,5	//ワームテール
1,1025,5	//スネイク
1,1026,3	//ムナック
1,1028,3	//ソルジャースケルトン
1,1029,1	//イシス
1,1030,3	//アナコンダク
1,1031,5	//ポポリン
1,1032,3	//ベリット
1,1033,3	//エルダーウィロー
1,1034,3	//タラフロッグ
1,1035,1	//ハンターフライ
1,1036,3	//グール
1,1037,1	//サイドワインダー
1,1040,3	//ゴーレム
1,1041,3	//マミー
1,1042,5	//スチールチョンチョン
1,1044,3	//オボンヌ
1,1045,3	//マルク
1,1047,1	//ペコペコの卵
1,1048,1	//盗蟲の卵
1,1049,5	//ピッキ
1,1050,5	//すごいピッキ
1,1051,5	//盗蟲
1,1052,5	//ロッカー
1,1053,5	//盗蟲(雌)
1,1054,5	//盗蟲(雄)
1,1055,5	//ムカー
1,1056,5	//スモーキー
1,1057,5	//ヨーヨー
1,1058,3	//メタルラ
1,1060,3	//ビッグフット
1,1061,1	//ナイトメア
1,1062,5	//サンタポリン
1,1063,5	//ルナティック
1,1064,3	//メガロドン
1,1065,3	//ストラウフ
1,1066,5	//バドン
1,1067,3	//カナトウス
1,1068,5	//ヒドラ
1,1069,3	//ソードフィッシュ
1,1070,5	//ククレ
1,1071,3	//パイレーツスケル
1,1072,1	//カホ
1,1073,3	//カニ
1,1074,5	//お化け貝
1,1076,5	//スケルトン
1,1077,5	//ポイズンスポア
1,1078,1	//赤い草
1,1079,1	//青い草
1,1080,1	//緑色草
1,1081,1	//黄色草
1,1082,1	//白い草
1,1083,1	//輝く草
1,1084,1	//黒いきのこ
1,1085,1	//赤いきのこ
1,1088,1	//ボーカル
1,1089,1	//トード
1,1090,1	//マスターリング
1,1091,1	//ドラゴンフライ
1,1092,1	//さすらい狼
1,1093,1	//エクリプス
1,1094,5	//アンバーナイト
1,1095,5	//アンドレ
1,1096,1	//エンジェリング
1,1097,1	//蟻の卵
1,1098,1	//アヌビス
1,1099,1	//アルギオペ
1,1100,3	//アルゴス
1,1101,1	//バフォメット.Jr
1,1102,1	//バースリー
1,1103,3	//キャラメル
1,1104,5	//コーコー
1,1105,5	//デニーロ
1,1106,3	//デザートウルフ
1,1107,1	//デザートウルフ(子)
1,1108,1	//デビアス
1,1109,1	//デビルチ
1,1110,3	//ドケビ
1,1111,3	//ドレインリアー
1,1113,5	//ドロップス
1,1114,3	//ダスティネス
1,1116,3	//エギラ
1,1117,1	//イビルドルイド
1,1118,3	//フローラ
1,1119,3	//フリルドラ
1,1120,1	//ゴーストリング
1,1121,3	//ガイアス
1,1122,3	//ゴブリン(長男)
1,1123,3	//ゴブリン(次男)
1,1124,3	//ゴブリン(三男)
1,1125,3	//ゴブリン(四男)
1,1126,3	//ゴブリン(五男)
1,1127,3	//ホード
1,1128,5	//ホルン
1,1129,3	//ホロン
1,1130,3	//ジャック
1,1131,1	//ジョーカー
1,1132,1	//カーリッツバーグ
1,1133,3	//コボルド(斧)
1,1134,3	//コボルド(槌)
1,1135,3	//コボルド(棍)
1,1138,3	//白蓮玉
1,1139,3	//マンティス
1,1140,3	//マルドゥーク
1,1141,3	//マリナ
1,1142,3	//マリンスフィアー
1,1143,1	//マリオネット
1,1144,3	//マルス
1,1145,5	//マーティン
1,1146,3	//マーター
1,1148,1	//メデューサ
1,1149,1	//ミノタウロス
1,1151,3	//ミスト
1,1152,3	//オークスケルトン
1,1153,3	//オークゾンビ
1,1154,1	//パサナ
1,1155,1	//プティット(地)
1,1156,1	//プティット(空)
1,1158,3	//フェン
1,1160,5	//ピエール
1,1161,5	//プランクトン
1,1163,1	//レイドリック
1,1164,3	//レクイエム
1,1165,3	//サンドマン
1,1166,3	//サベージ
1,1167,5	//サベージベベ
1,1169,3	//スケルワーカー
1,1170,3	//ソヒー
1,1174,5	//スタイナー
1,1175,5	//タロウ
1,1176,3	//ビタタ
1,1177,3	//ゼノーク
1,1178,3	//ゼロム
1,1179,1	//ウィスパー
1,1180,1	//九尾狐
1,1182,1	//キノコ
1,1185,1	//ウィスパー
1,1186,1	//巨大ウィスパー
1,1188,3	//ボンゴン
1,1189,1	//オークアーチャー
1,1191,1	//ミミック
1,1192,1	//レイス
1,1193,1	//アラーム
1,1194,1	//アクラウス
1,1195,1	//ライドワード
1,1196,1	//スケルプリズナー
1,1197,1	//ゾンビプリズナー
1,1199,1	//パンク
1,1200,1	//ジルタス
1,1201,1	//リビオ
1,1202,1	//フェンダーク
1,1203,1	//ミステルテイン
1,1204,1	//オーガトゥース
1,1205,1	//エクスキューショナー
1,1206,1	//アノリアン
1,1207,1	//スティング
1,1208,1	//彷徨う者
1,1209,1	//クランプ
1,1211,1	//ブリライト
1,1212,1	//アイアンフィスト
1,1213,1	//ハイオーク
1,1214,1	//チョコ
1,1215,3	//ステムワーム
1,1216,1	//ペノメナ
1,1219,1	//深淵の騎士
1,1242,5	//マーリン
1,1243,3	//サスカッチ
1,1245,1	//クリスマスゴブリン
1,1246,3	//クッキー(赤)
1,1248,3	//クルーザー
1,1249,3	//ミストケース
1,1250,1	//チェペット
1,1253,1	//ガーゴイル
1,1254,3	//レグルロ
1,1255,3	//ネレイド
1,1256,3	//ペスト
1,1257,1	//インジャスティス
1,1258,3	//ゴブリンアーチャー
1,1259,1	//グリフォン
1,1260,1	//ダークフレーム
1,1261,3	//ワイルドローズ
1,1262,1	//ミュータントドラゴン
1,1263,1	//ウィンドゴースト
1,1264,1	//半漁人
1,1265,3	//クッキー(緑)
1,1266,5	//ヒトデ
1,1267,1	//ジェスター
1,1268,1	//ブラッディナイト
1,1269,1	//クロック
1,1270,1	//時計塔管理者
1,1271,1	//アリゲーター
1,1273,3	//オークレディ
1,1274,1	//メガリス
1,1275,1	//アリス
1,1276,1	//レイドリックアーチャー
1,1277,3	//天下大将軍
1,1278,1	//スタラクタイトゴーレム
1,1279,3	//三葉蟲
1,1280,3	//ゴブリンライダー
1,1281,1	//セージワーム
1,1282,3	//コボルドアーチャー
1,1283,1	//キメラ
1,1289,1	//マヤパープル
1,1290,1	//ジェネラルスケルトン
1,1291,1	//デッドリーレイス
1,1292,1	//ミニデモ
1,1293,1	//クリーミーフィアー
1,1294,1	//キラーマンティス
1,1295,1	//オウルバロン
1,1296,1	//コボルドリーダー
1,1297,1	//エンシェントマミー
1,1298,1	//ゾンビマスター
1,1299,1	//ゴブリンリーダー
1,1300,1	//キャタピラー
1,1301,1	//アムムト
1,1302,1	//ダークイリュージョン
1,1303,1	//ジャイアントホーネット
1,1304,1	//ジャイアントスパイダー
1,1305,1	//エンシェントワーム
1,1306,1	//レイブオルマイ
1,1307,1	//キャットナインテイル
1,1308,1	//パンツァーゴブリン
1,1309,1	//ガジョマート
1,1310,1	//ごっついミノタウロス
1,1311,1	//グリンブルスティ
1,1313,1	//チンピラ
1,1314,1	//パーメットタートル
1,1315,1	//アサルトタートル
1,1316,1	//ソリッドタートル
1,1317,1	//オットー
1,1318,1	//ヒートタートル
1,1319,1	//フリーズタートル
1,1320,1	//オウルデューク
1,1321,1	//ドラゴンテイル
1,1322,1	//スプリングラビット
1,1323,1	//シーオッター
1,1365,1	//アポカリプス
1,1366,1	//ラーヴァゴーレム
1,1367,1	//ブレイザー
1,1368,1	//ジオグラファー
1,1369,1	//グランペコ
1,1370,1	//サキュバス
1,1371,1	//フェイクエンジェル
1,1372,1	//ゴート
1,1374,1	//インキュバス
1,1375,1	//一反木綿
1,1376,1	//ハーピー
1,1377,1	//エルダー
1,1378,1	//デーモンパンク
1,1379,1	//ナイトメアテラー
1,1380,1	//ドリラー
1,1381,1	//グリズリー
1,1382,1	//ディアボリック
1,1383,1	//エクスプロージョン
1,1384,1	//デリーター(空)
1,1385,1	//デリーター(地)
1,1386,1	//スリーパー
1,1387,1	//ギグ
1,1390,1	//ヴァイオリー
1,1391,1	//ガラパゴ
1,1392,3	//ロータージャイロ
1,1400,3	//カラ傘
1,1401,1	//カブキ忍者
1,1402,1	//大口蛙
1,1403,1	//銃奇兵
1,1404,3	//雅人形
1,1405,1	//酒天狗
1,1406,1	//河童
1,1408,1	//パピヨン
1,1409,3	//団子童子
1,1410,1	//人面桃樹
1,1412,1	//天邪仙人
1,1413,1	//老人参
1,1415,3	//コウ
1,1416,1	//天仙娘々
1,1417,3	//チャッキー
1,1493,1	//ドリアード
1,1494,3	//ビートル
1,1495,1	//フレイムシューター
1,1497,1	//ウドゥンゴーレム
1,1498,3	//ウータンシューター
1,1499,1	//ウータンファイター
1,1500,3	//フェアリーフ
1,1503,1	//ジビット
1,1504,1	//デュラハン
1,1505,1	//ロリルリ
1,1506,1	//ディスガイズ
1,1507,1	//ブラッディマーダー
1,1508,3	//キューブ
1,1509,3	//ルード
1,1510,1	//ハイローゾイスト
1,1512,1	//ヒェグン
1,1513,1	//ミョグェ
1,1514,1	//小龍舞
1,1515,1	//ハティーベベ
1,1516,1	//土精
1,1517,1	//虎人
//1,1519,1	//チュンイー
//1,1520,1	//ボイルドライス
1,1582,1	//デビルリング
1,1584,1	//タムラン
1,1586,1	//リーフキャット
1,1587,1	//クラベン
1,1613,1	//メタリン
1,1614,1	//ミネラル
1,1615,1	//オブシディアン
1,1616,1	//ピットマン
1,1617,1	//ジャンクポット
1,1618,1	//ウンゴリアント
1,1619,1	//ポルセリオ
1,1620,1	//ノクシャス
1,1621,1	//ベノマス
1,1622,1	//ベアドール
1,1627,1	//ウィレス
1,1628,1	//モルデン
1,1629,1	//ヒルウィンド
1,1631,1	//チュンイー
1,1632,1	//グレムリン
1,1633,1	//ビホルダー
1,1634,1	//セイレン=ウィンザー
1,1635,1	//エレメス=ガイル
1,1636,1	//ハワード=アルトアイゼン
1,1637,1	//マーガレッタ=ソリン
1,1638,1	//セシル=ディモン
1,1639,1	//カトリーヌ=ケイロン
1,1652,1	//イグニゼム=セニア
1,1653,1	//ヒュッケバイン=トリス
1,1654,1	//アルマイア=デュンゼ
1,1655,1	//イレンド=エベシ
1,1656,1	//カヴァク=イカルス
1,1657,1	//ラウレル=ヴィンダー
1,1664,1	//フォトカノン(赤)
1,1665,1	//フォトカノン(青)
1,1666,1	//フォトカノン(緑)
1,1667,1	//フォトカノン(黄)
1,1668,1	//アークダム
1,1669,1	//ディミック
1,1670,1	//ディミック(緑)
1,1671,1	//ディミック(青)
1,1672,1	//ディミック(黄)
1,1673,1	//ディミック(赤)
1,1675,1	//ヴェナート(赤)
1,1676,1	//ヴェナート
1,1677,1	//ヴェナート(緑)
1,1678,1	//ヴェナート(黄)
1,1679,1	//ヴェナート(青)
1,1680,1	//ヒルウィンド
1,1681,1	//ジェミニ-S58
1,1682,1	//リムーバ
1,1686,1	//オークベイビー
1,1687,1	//グリーンイグアナ
1,1692,1	//ブリーズ
1,1693,1	//プラズマ(黄)
1,1694,1	//プラズマ(赤)
1,1695,1	//プラズマ(緑)
1,1696,1	//プラズマ(紫)
1,1699,1	//エンシェントミミック
1,1703,1	//慰める者
1,1704,1	//タナトスの憎悪
1,1705,1	//タナトスの絶望
1,1706,1	//タナトスの悲しみ
1,1707,1	//タナトスの苦悩
1,1713,1	//オシドス(金)
1,1714,1	//ペロス(赤)
1,1715,1	//ノーバス(赤)
1,1716,1	//オシドス(青)
1,1717,1	//ペロス(緑)
1,1718,1	//ノーバス(黄)
1,1720,1	//ハイドラランサー
1,1721,1	//ドラゴンの卵
1,1736,1	//エリオット
1,1737,1	//エリザ
1,1738,1	//コンスタント
1,1752,1	//スコグル
1,1753,1	//プルス
1,1754,1	//スケゴルト(茶)
1,1755,1	//スケゴルト(黒)
1,1769,1	//アガヴ
1,1770,1	//エキオ
1,1771,1	//ヴァンベルク
1,1772,1	//アイシラ
1,1773,1	//ホドレムリン
1,1774,1	//シーカー
1,1775,1	//スノウアー
1,1776,1	//シロマ
1,1777,1	//アイスタイタン
1,1778,1	//ゲイズティ
1,1780,1	//マスキプラー
1,1781,1	//ドロセラ
1,1782,1	//ロウィーン
1,1783,1	//ガリオン
1,1784,2	//スタポ
1,1829,1	//ソードガーディアン
1,1830,1	//ボウガーディアン
1,1831,1	//サラマンダー
1,1833,1	//カーサ
1,1836,3	//マグマリン
1,1837,1	//インプ
1,1838,1	//ノッカー
1,1839,1	//ビョルグ
1,1864,1	//ゾンビスローター
1,1865,1	//ラギッドゾンビ
1,1866,1	//ヘルプードル
1,1867,1	//バンシー
1,1869,1	//フレームスカル
1,1870,1	//ネクロマンサー
1,1872,1	//ヘルフライ
1,1880,1	//ウッドゴブリン
1,1881,1	//レス
1,1882,1	//ババヤガ
1,1883,1	//ウジャス
1,1884,1	//マブカ
1,1918,1	//モロクの現身(天使型)
1,1919,1	//モロクの現身(物質型)
1,1920,1	//モロクの現身(人間型)
1,1921,1	//モロクの現身(精霊型)

//Bloody_Dead_Branch#血塗られた古木の枝#
2,1038,1	//オシリス
2,1039,1	//バフォメット
2,1046,1	//ドッペルゲンガー
2,1059,1	//ミストレス
2,1086,1	//黄金蟲
2,1087,1	//オークヒーロー
2,1096,1	//エンジェリング
2,1112,1	//ドレイク
2,1115,1	//エドガ
2,1120,1	//ゴーストリング
2,1147,1	//マヤー
2,1150,1	//月夜花
2,1157,1	//ファラオ
2,1159,1	//フリオニ
2,1190,1	//オークロード
2,1251,1	//ストームナイト
2,1252,1	//ハティー
2,1272,1	//ダークロード
2,1312,1	//タートルジェネラル
2,1373,1	//ロードオブデス
2,1388,1	//アークエンジェリング
2,1389,1	//ドラキュラ
2,1418,1	//黒蛇王
2,1492,1	//怨霊武士
2,1511,1	//アモンラー
2,1582,1	//デビルリング
2,1583,1	//タオグンカ
2,1623,1	//RSX-0806
2,1630,1	//ペクソジン
2,1658,1	//イグニゼム=セニア
2,1685,1	//ヴェスパー
2,1688,1	//レディータニー
2,1708,1	//魔剣士タナトスの思念体
2,1719,1	//データルザウルス
2,1734,1	//キエル-D-01
2,1751,1	//ランドグリス
2,1768,1	//グルームアンダーナイト
2,1779,1	//クトルラナックス
2,1785,2	//アトロス
2,1832,1	//イフリート
2,1871,1	//堕ちた大神官ヒバム
2,1873,1	//ヴェルゼブブ
2,1885,1	//ゴピニク

//Poring_Box#ポリンボックス#
3,1002,5	//ポリン
3,1031,5	//ポポリン
3,1062,1	//サンタポリン
3,1090,2	//マスターリング
3,1096,1	//エンジェリング
3,1113,5	//ドロップス
3,1120,1	//ゴーストリング
3,1242,5	//マーリン
3,1388,1	//アークエンジェリング
3,1582,1	//デビルリング
3,1613,5	//メタリン
3,1784,5	//スタポ
