//ID,ItemLV,RequireSkillid,Skilllv,FixPer,MaterialID1,MaterialAmount1,MaterialID2,MaterialAmount2,MaterialID3,MaterialAmount3,MaterialID4,MaterialAmount4,MaterialID5,MaterialAmount5

// 武器 ItemLV=wLV
1101,1,99,1,4500,998,2
1104,1,99,1,4500,998,30
1107,1,99,1,4500,998,45,913,25
1110,2,99,2,2500,999,20
1113,2,99,2,2500,999,35
1122,2,99,2,2500,999,40,920,50
1126,3,99,3,1500,999,5,984,8,727,1
1123,3,99,3,1500,984,8,999,10,728,1
1119,3,99,3,1500,984,8,999,15,718,1
1129,3,99,3,1500,984,16,724,1
1201,1,98,1,4500,998,1,909,10
1204,1,98,1,4500,998,25
1207,1,98,1,4500,998,50
1210,2,98,2,2500,999,17
1213,2,98,2,2500,999,30
1216,2,98,2,2500,999,40
1219,3,98,3,1500,984,4,999,40,726,1
1222,3,98,3,1500,984,4,999,60,729,1
1116,1,100,1,4500,998,35,958,15
1151,2,100,2,2500,999,25,957,20
1154,2,100,2,2500,999,45
1157,3,100,3,1500,984,12,999,10
1160,3,100,3,1500,984,12,999,20
1163,3,100,3,1500,984,16,999,20,733,1
1301,1,101,1,4500,998,10
1351,1,101,1,4500,998,110
1354,2,101,2,2500,999,30
1357,3,101,3,1500,984,4,999,20,922,30
1360,3,101,3,1500,984,8,999,10,719,1
1501,1,102,1,4500,998,3
1504,1,102,1,4500,998,30
1507,2,102,2,2500,999,20
1510,2,102,2,2500,999,33
1519,2,102,2,2500,999,45
1513,3,102,3,1500,999,85,730,1
1516,3,102,3,1500,999,100,963,20
1522,3,102,3,1500,999,120,968,1
1801,1,103,1,4500,998,160,722,1
1803,2,103,2,2500,999,50
1805,2,103,2,2500,999,65
1807,3,103,3,1500,984,4,723,10
1809,3,103,3,1500,984,8,728,10
1811,3,103,3,1500,984,4,727,10
1401,1,104,1,4500,998,3
1404,1,104,1,4500,998,35
1407,1,104,1,4500,998,70
1451,2,104,2,2500,999,25
1454,2,104,2,2500,999,40
1457,2,104,2,2500,999,55
1460,3,104,3,1500,984,8,999,10,720,5
1463,3,104,3,1500,984,12,999,10
1410,3,104,3,1500,984,12,723,3,923,2

// 鉱石 ItemLV=16
998,16,94,1,4500,1002,1
999,16,95,1,3500,998,5,1003,1
1000,16,96,1,10000,1001,10
994,16,96,1,1500,990,10
995,16,96,1,1500,991,10
997,16,96,1,1500,993,10
996,16,96,1,1500,992,10

// ファーマシー ItemLV=32 MaterialID1=製造の書
501,32,228,1,2000,7144,0,507,1,1093,1
503,32,228,1,2000,7144,0,508,1,1093,1
504,32,228,1,2000,7144,0,509,1,1093,1
505,32,228,1,-500,7144,0,510,1,911,1,1093,1
605,32,228,1,-500,7144,0,708,1,970,1,713,1
606,32,228,1,-500,7144,0,704,1,518,1,713,1
545,32,228,1,-500,7133,0,501,1,1092,1,952,1
546,32,228,1,-750,7133,0,503,1,1092,1,1017,1
547,32,228,1,-1000,7133,0,504,1,1092,1,1061,1
970,32,228,1,1000,7127,0,713,1,7033,5,905,5,1092,1
7135,32,228,1,0,7128,0,970,1,1059,1,713,1
7136,32,228,1,0,7129,0,713,1,929,1
7137,32,228,1,0,7130,0,713,1,1032,2
7138,32,228,1,0,7131,0,713,1,1050,1,1051,1
7139,32,228,1,-1000,7132,0,970,1,950,1,1044,1,713,1
12118,32,228,1,-500,7434,0,1012,2,716,1,1093,1
12119,32,228,1,-500,7434,0,950,3,717,1,1093,1
12120,32,228,1,-500,7434,0,7126,2,715,1,1093,1
12121,32,228,1,-500,7434,0,1057,3,717,1,1093,1
//エンブリオ製造
7142,32,228,1,-500,7144,0,7140,1,7141,1,7143,1

// コイン ItemLV=64 （本鯖未実装）
// 暫定基本成功率 = base*30 + dex*20 + luk*10 + skill_lv*500
671,64,385,1,0,7231,1
675,64,385,1,0,7232,1
674,64,385,1,0,7233,1

// 塊 ItemLV=128（本鯖未実装）
// 暫定基本成功率 = base*30 + dex*20 + luk*10 + skill_lv*500

// デッドリーポイズン ItemLV=256
678,256,407,1,2000,937,1,939,1,952,1,7033,1,972,1,657,1,713,1

// コンバーター製造 ItemLV=512
12114,512,1007,1,10000,904,3,7433,1
12115,512,1007,1,10000,946,3,7433,1
12116,512,1007,1,10000,947,3,7433,1
12117,512,1007,1,10000,1013,3,7433,1

// 料理 ItemLV=1000
// 暫定基本成功率 = making_rate + job*10 + int*10 + dex*10 + luk*10

//STR料理
12041,1000,0,1,1800,7472,0,940,5,7031,1,7457,1
12042,1000,0,2,1600,7473,0,918,20,508,10,511,10,7454,1
12043,1000,0,3,1400,7474,0,517,4,7031,1,511,10,7286,5,7455,1
12044,1000,0,4,1200,7475,0,517,5,507,3,508,2,511,3,7453,1,568,1
12045,1000,0,5,1000,7476,0,516,10,518,2,7457,1,515,3,577,1
12071,1000,0,6,800,7477,0,517,10,518,2,508,1,522,1,954,20
12072,1000,0,7,600,7478,0,517,10,7098,1,1003,2,7455,1,1019,15,509,10
12073,1000,0,8,400,7479,0,948,20,515,10,1062,10,521,2,520,1,7454,1
12074,1000,0,9,200,7480,0,1050,40,7482,1,548,10,7455,1,1003,2,511,30,1024,10
12075,1000,0,10,0,7481,0,1015,20,7482,1,970,1,606,2,7455,1,526,5,610,10,505,2
//AGI料理
12056,1000,0,1,1800,7472,0,577,1,908,10,1024,1
12057,1000,0,2,1600,7473,0,577,1,7454,1,1062,5,515,3
12058,1000,0,3,1400,7474,0,962,10,548,10,549,5,7453,1
12059,1000,0,4,1200,7475,0,577,3,7455,1,7066,10,515,10,1062,10
12060,1000,0,5,1000,7476,0,7006,20,1062,20,7482,1,520,10,507,10
12086,1000,0,6,800,7477,0,7286,20,567,20,7453,1,568,20
12087,1000,0,7,600,7478,0,7003,10,1062,10,515,10,521,10,508,10,7452,1
12088,1000,0,8,400,7479,0,606,1,7455,1,517,10,520,10,1062,10,515,10
12089,1000,0,9,200,7480,0,517,10,526,5,711,20,7454,4,508,5,509,10,507,5
12090,1000,0,10,0,7481,0,904,20,7125,20,606,2,610,3,621,3,526,10,7455,1,7482,1
//VIT料理
12051,1000,0,1,1800,7472,0,960,10,511,10,503,1
12052,1000,0,2,1600,7473,0,966,10,956,5,951,5,579,1
12053,1000,0,3,1400,7474,0,966,20,961,10,518,1,7453,1
12054,1000,0,4,1200,7475,0,962,30,509,10,7194,10,7031,1,1024,20
12055,1000,0,5,1000,7476,0,553,20,508,10,7455,1,7456,1,511,20
12081,1000,0,6,800,7477,0,7188,20,1033,10,921,20,581,1,518,2
12082,1000,0,7,600,7478,0,1023,10,521,5,1028,10,579,2,537,10,7453,1
12083,1000,0,8,400,7479,0,7298,20,517,20,622,5,1062,10,7454,1,577,2
12084,1000,0,9,200,7480,0,7123,10,1037,20,610,3,526,6,7455,1,7456,1,632,1
12085,1000,0,10,0,7481,0,929,20,934,10,608,1,605,2,950,10,7455,2,609,10,621,2
//INT料理
12046,1000,0,1,1800,7472,0,514,3,501,2
12047,1000,0,2,1600,7473,0,510,5,507,10,508,10
12048,1000,0,3,1400,7474,0,518,2,509,10,7452,1
12049,1000,0,4,1200,7475,0,578,10,568,4,582,10,970,2,514,5
12050,1000,0,5,1000,7476,0,522,4,505,1,970,2,568,2,7452,1
12076,1000,0,6,800,7477,0,581,3,533,3,921,20,970,1,7456,1
12077,1000,0,7,600,7478,0,526,4,518,2,509,5,520,10,7452,1
12078,1000,0,8,400,7479,0,576,4,520,10,610,3,521,10,526,6,7452,1
12079,1000,0,9,200,7480,0,610,10,582,10,970,5,526,4,505,2,7452,1,521,10
12080,1000,0,10,0,7481,0,1033,10,707,1,521,5,526,5,568,5,576,5,607,1,510,10
//DEX料理
12061,1000,0,1,1800,7472,0,518,1,514,2,501,1
12062,1000,0,2,1600,7473,0,7182,10,539,1,519,1,736,1
12063,1000,0,3,1400,7474,0,512,5,513,5,582,5,578,5,7452,1
12064,1000,0,4,1200,7475,0,580,5,519,15,548,10,508,10,517,1,7453,1
12065,1000,0,5,1000,7476,0,520,2,521,3,7100,10,7198,6,7453,1,7452,1
12091,1000,0,6,800,7477,0,7164,20,539,10,548,10,519,10,620,5,7453,1
12092,1000,0,7,600,7478,0,580,10,522,5,7453,1,708,5,609,5,619,2
12093,1000,0,8,400,7479,0,580,10,526,2,517,5,578,10,7455,1,548,10,7453,1
12094,1000,0,9,200,7480,0,619,5,582,10,578,10,7456,1,634,1,533,5,970,2
12095,1000,0,10,0,7481,0,607,1,7066,10,7119,10,526,4,645,3,970,5,576,2,710,1
//LUK料理
12066,1000,0,1,1800,7472,0,942,5,7031,1,7457,1
12067,1000,0,2,1600,7473,0,531,3,534,2,533,1,620,2
12068,1000,0,3,1400,7474,0,516,10,549,10,633,1,7453,1
12069,1000,0,4,1200,7475,0,1054,10,945,10,509,10,579,5,7453,2
12070,1000,0,5,1000,7476,0,904,20,1042,10,7198,10,7031,2,7457,1
12096,1000,0,6,800,7477,0,903,5,1015,5,705,10,1061,10,704,1
12097,1000,0,7,600,7478,0,936,10,956,5,7194,10,517,5,581,10,966,10
12098,1000,0,8,400,7479,0,578,10,577,5,7298,10,7452,1,7456,2,7454,1
12099,1000,0,9,200,7480,0,702,1,605,2,606,2,970,2,526,6,7456,1,531,10
12100,1000,0,10,0,7481,0,1022,10,706,2,1033,10,7100,10,610,4,7454,1,7452,1,709,2

// スクロール製造 ItemLV=1001（本鯖未実装）
// 暫定基本成功率 = making_rate + job*10 + int*10 + dex*10
686,1001,90,3,2400,7433,1
687,1001,90,5,2000,7433,1
688,1001,14,3,2400,7433,1
689,1001,14,5,2000,7433,1
690,1001,19,3,2400,7433,1
691,1001,19,5,2000,7433,1
692,1001,20,3,2400,7433,1
693,1001,20,5,2000,7433,1
694,1001,13,3,2400,7433,1
695,1001,13,5,2000,7433,1
696,1001,17,1,2800,7433,1
697,1001,17,5,2000,7433,1
698,1001,18,1,2800,7433,1
699,1001,18,5,2000,7433,1
700,1001,15,1,2800,7433,1
12000,1001,15,5,2000,7433,1
12001,1001,28,3,2400,7433,1
12002,1001,28,5,2000,7433,1
12003,1001,26,1,2800,7433,1

// ポーション合成　ItemLV=1002（本鯖未実装）
// 暫定基本成功率 = making_rate + job*10 + int*10 + dex*10 - skill_lv*200
13513,1002,393,1,0,547,1,546,1,545,1
13514,1002,393,1,0,547,1,546,1

// オリデオコン研究　ItemLV=1003（本鯖未実装）
// 暫定基本成功率 = base*30 + dex*20 + luk*10 + skill_lv*500
984,1003,97,1,500,756,3,1003,1
985,1003,97,1,1000,757,3,1003,1

// ルーンストーン製造　ItemLV=1004
12725,1004,2010,8,3500,7938,1,7939,1,7069,1,7099,1
12726,1004,2010,7,4500,7938,1,7939,1,716,1
12727,1004,2010,9,3000,7939,1,7210,1
12728,1004,2010,2,4000,7939,1,7097,2
12729,1004,2010,5,4500,7938,1,7939,1,7002,1
12730,1004,2010,6,3500,7939,1,518,1,1048,2
12731,1004,2010,1,4500,7939,1,1034,1,7030,1
12732,1004,2010,3,4000,7938,1,7939,1,7221,1,1035,1
12733,1004,2010,4,4500,7939,1,1096,1,7123,1
22540,1004,2010,10,3000,7938,3,7939,1,714,3

// 新毒製造　ItemLV=1005
6128,1005,2024,5,5000,511,2,510,1,509,1
12717,1005,2024,1,5000,7931,1,7134,1,7937,1,7155,20
12718,1005,2024,4,5000,7931,1,7134,1,7932,1,7936,1
12719,1005,2024,9,5000,7931,1,7134,1,709,1,950,10
12720,1005,2024,3,5000,7931,1,7134,1,7935,1,957,25
12721,1005,2024,8,5000,7931,1,7134,1,7932,1,7565,10
12722,1005,2024,2,5000,7931,1,7134,1,7933,1,7003,20
12723,1005,2024,7,5000,7931,1,7134,1,7934,1,7033,10
12724,1005,2024,6,5000,7931,1,7134,1,709,1,7565,10

// スペシャルファーマシー　ItemLV=1006
6210,1006,2497,1,0,6284,0,576,10
6211,1006,2497,1,0,6284,0,1033,10
6212,1006,2497,1,0,6284,0,921,10,7033,5,6244,2
12422,1006,2497,1,0,11023,0,713,10,528,5,509,10,7455,1
12423,1006,2497,1,0,11023,0,713,10,509,10,508,10,7455,1
12424,1006,2497,1,0,11023,0,713,10,509,15,522,3,523,1,7455,1
12425,1006,2497,1,0,11024,0,713,10,568,10,514,10,7453,1
12426,1006,2497,1,0,11024,0,713,10,518,10,510,10,7453,1
12427,1006,2497,1,0,11024,0,713,10,526,10,510,15,7453,1
12428,1006,2497,1,0,6285,0,1092,10,504,20,509,10,970,1
12436,1006,2497,1,0,6285,0,1092,10,514,10,518,10,510,10
12437,1006,2497,1,0,6285,0,1092,10,645,5,656,5,7455,5
12475,1006,2497,1,0,6285,0,1092,10,525,5,511,20,522,1,610,1

// ミックスクッキング　ItemLV=1007
12429,1007,2495,1,0,11022,0,6249,1,6250,1,6251,1
12430,1007,2495,1,0,11022,0,6252,3,6253,2
12431,1007,2495,1,0,11022,0,6254,2,6255,1
12432,1007,2495,1,0,11022,0,6256,3,6257,2,6258,1
12433,1007,2495,1,0,11022,0,6259,3,507,3,509,3,510,3,6255,1
12434,1007,2495,1,0,11022,0,6260,2,6261,1,6262,1

// 爆弾製造　ItemLV=1008
13260,1008,2496,1,0,6279,0,512,1,911,1,6244,1,1051,1
13261,1008,2496,1,0,6281,0,6263,1,6244,2,1051,1
13262,1008,2496,1,0,6282,0,6264,1,938,1,6244,2,1051,1
13263,1008,2496,1,0,6280,0,6265,1,952,1,6244,3,1051,1
13264,1008,2496,1,0,6283,0,513,1,7001,1,6244,4,1051,1
