//quest_db.txt
// QuestID,Title,Limit,Target1ID,Target1Num,Target2ID,Target2Num,Target3ID,Target3Num,

1000,転生,0,0,0,0,0,0,0
1001,アコライト転職,0,0,0,0,0,0,0
1002,アコライト転職,0,0,0,0,0,0,0
1003,アコライト転職,0,0,0,0,0,0,0
1004,アーチャー転職,0,0,0,0,0,0,0
1005,マジシャン転職,0,0,0,0,0,0,0
1006,マジシャン転職,0,0,0,0,0,0,0
1007,マジシャン転職,0,0,0,0,0,0,0
1008,マジシャン転職,0,0,0,0,0,0,0
1009,マーチャント転職,0,0,0,0,0,0,0
1010,マーチャント転職,0,0,0,0,0,0,0
1011,マーチャント転職,0,0,0,0,0,0,0
1012,マーチャント転職,0,0,0,0,0,0,0
1013,シーフ転職,0,0,0,0,0,0,0
1014,ソードマン転職,0,0,0,0,0,0,0

1145,ニャンキー団,0,0,0,0,0,0,0
1146,ニャンキー団,0,0,0,0,0,0,0
1147,ニャンキー団,0,0,0,0,0,0,0
1148,ニャンキー団,0,0,0,0,0,0,0
1149,ニャンキー団,0,0,0,0,0,0,0
1150,ニャンキー団,0,0,0,0,0,0,0
1151,ニャンキー団,0,0,0,0,0,0,0
1152,不良野良活動,82800,0,0,0,0,0,0
1153,ニャンキー団,0,0,0,0,0,0,0
1154,ニャンキー団(不良野良活動),0,2197,20,0,0,0,0
1155,ニャンキー団(不良野良活動),0,0,0,0,0,0,0

//2000,ブラックスミス転職,0,0,0,0,0,0,0
//2001,ブラックスミス転職,0,0,0,0,0,0,0
//2002,ブラックスミス転職,0,0,0,0,0,0,0
//2003,ブラックスミス転職,0,0,0,0,0,0,0
//2004,ブラックスミス転職,0,0,0,0,0,0,0
//2005,ブラックスミス転職,0,0,0,0,0,0,0
//2006,ブラックスミス転職,0,0,0,0,0,0,0
//2007,ブラックスミス転職,0,0,0,0,0,0,0
//2008,ブラックスミス転職,0,0,0,0,0,0,0
//2009,ブラックスミス転職,0,0,0,0,0,0,0
//2010,ブラックスミス転職,0,0,0,0,0,0,0
//2011,ブラックスミス転職,0,0,0,0,0,0,0
//2012,ブラックスミス転職,0,0,0,0,0,0,0
//2013,ブラックスミス転職,0,0,0,0,0,0,0
//2014,ブラックスミス転職,0,0,0,0,0,0,0
//2015,ブラックスミス転職,0,0,0,0,0,0,0
//2016,ブラックスミス転職,0,0,0,0,0,0,0
//2017,ローグ転職,0,0,0,0,0,0,0
//2018,ローグ転職,0,0,0,0,0,0,0
//2019,ローグ転職,0,0,0,0,0,0,0
//2020,ローグ転職,0,0,0,0,0,0,0
//2021,ローグ転職,0,0,0,0,0,0,0
//2022,ローグ転職,0,0,0,0,0,0,0
//2023,ローグ転職,0,0,0,0,0,0,0
//2024,ローグ転職,0,0,0,0,0,0,0
//2025,ローグ転職,0,0,0,0,0,0,0
//2026,ローグ転職,0,0,0,0,0,0,0
//2027,ローグ転職,0,0,0,0,0,0,0
//2028,アルケミスト転職,0,0,0,0,0,0,0
//2029,アルケミスト転職,0,0,0,0,0,0,0
//2030,アルケミスト転職,0,0,0,0,0,0,0
//2031,アルケミスト転職,0,0,0,0,0,0,0
//2032,アルケミスト転職,0,0,0,0,0,0,0
//2033,アルケミスト転職,0,0,0,0,0,0,0
//2034,アルケミスト転職,0,0,0,0,0,0,0
//2035,アルケミスト転職,0,0,0,0,0,0,0
//2036,アルケミスト転職,0,0,0,0,0,0,0
//2037,アルケミスト転職,0,0,0,0,0,0,0
//2038,アルケミスト転職,0,0,0,0,0,0,0
//2039,アルケミスト転職,0,0,0,0,0,0,0
//2040,アルケミスト転職,0,0,0,0,0,0,0
//2041,セージ転職,0,0,0,0,0,0,0
//2042,セージ転職,0,0,0,0,0,0,0
//2043,セージ転職,0,0,0,0,0,0,0
//2044,セージ転職,0,0,0,0,0,0,0
//2045,セージ転職,0,0,0,0,0,0,0
//2046,セージ転職,0,0,0,0,0,0,0
//2047,セージ転職,0,0,0,0,0,0,0
//2048,セージ転職,0,0,0,0,0,0,0
//2049,セージ転職,0,0,0,0,0,0,0
//2050,セージ転職,0,0,0,0,0,0,0
//2051,セージ転職,0,0,0,0,0,0,0
//2052,セージ転職,0,0,0,0,0,0,0
//2053,セージ転職,0,0,0,0,0,0,0
//2054,セージ転職,0,0,0,0,0,0,0
//2055,セージ転職,0,0,0,0,0,0,0
//2056,セージ転職,0,0,0,0,0,0,0
//2057,セージ転職,0,0,0,0,0,0,0
//2058,セージ転職,0,0,0,0,0,0,0
//2059,セージ転職,0,0,0,0,0,0,0
//2060,セージ転職,0,0,0,0,0,0,0
//2061,セージ転職,0,0,0,0,0,0,0
//2062,セージ転職,0,0,0,0,0,0,0
2063,運命のカラス,0,0,0,0,0,0,0
2064,運命のカラス,0,0,0,0,0,0,0
2065,運命のカラス,0,0,0,0,0,0,0
2066,運命のカラス,0,0,0,0,0,0,0
2067,運命のカラス,0,0,0,0,0,0,0
2068,運命のカラス,0,0,0,0,0,0,0
//2069,ティエラ峡谷,300,0,0,0,0,0,0
//2070,フラウィウス神殿,300,0,0,0,0,0,0
//2071,シドクスクエスト,0,0,0,0,0,0,0
//2072,シドクスクエスト,0,0,0,0,0,0,0
//2073,シドクスクエスト,0,0,0,0,0,0,0
//2074,シドクスクエスト,0,0,0,0,0,0,0
//2075,シドクスクエスト,0,0,0,0,0,0,0
//2076,シドクスクエスト,0,0,0,0,0,0,0
//2077,シドクスクエスト,0,0,0,0,0,0,0
//2078,シドクスクエスト,0,0,0,0,0,0,0
//2079,行き違った過去,0,0,0,0,0,0,0
//2080,行き違った過去,0,0,0,0,0,0,0
//2081,行き違った過去,0,0,0,0,0,0,0
//2082,行き違った過去,0,0,0,0,0,0,0
//2083,行き違った過去,0,0,0,0,0,0,0
//2084,行き違った過去,0,0,0,0,0,0,0
//2085,行き違った過去,0,0,0,0,0,0,0
//2086,行き違った過去,0,0,0,0,0,0,0
//2087,生体研究所,0,0,0,0,0,0,0
//2088,生体研究所,0,0,0,0,0,0,0
//2089,生体研究所,0,0,0,0,0,0,0
//2090,生体研究所,0,0,0,0,0,0,0
//2091,生体研究所,0,0,0,0,0,0,0
//2092,生体研究所,0,0,0,0,0,0,0
//2093,生体研究所,0,0,0,0,0,0,0
//2094,生体研究所,0,0,0,0,0,0,0
//2095,生体研究所,0,0,0,0,0,0,0
//2087,生体研究所,0,0,0,0,0,0,0

2147,生態研究,0,0,0,0,0,0,0
2148,生態研究,0,0,0,0,0,0,0
2149,生態研究,0,0,0,0,0,0,0
2150,生態研究,0,2015,30,0,0,0,0
2151,生態研究,0,2016,10,0,0,0,0
2152,生態研究,0,0,0,0,0,0,0
2153,生態研究,0,0,0,0,0,0,0
2154,生態研究,0,0,0,0,0,0,0
2155,生態研究,0,0,0,0,0,0,0
2156,生態研究,0,0,0,0,0,0,0
2157,生態研究,0,1986,10,0,0,0,0
2158,小さな妖精,0,0,0,0,0,0,0
2159,木の巨人,0,0,0,0,0,0,0

2179,ミッドガルド大陸の鉱石,0,0,0,0,0,0,0
2180,ミッドガルド大陸の鉱石,0,0,0,0,0,0,0
2181,ミッドガルド大陸の鉱石,0,0,0,0,0,0,0
2182,ミッドガルド大陸の鉱石,64800,0,0,0,0,0,0
2183,アールブヘイムの香水,0,0,0,0,0,0,0
2184,アールブヘイムの香水,0,0,0,0,0,0,0
2186,アールブヘイムの香水,64800,0,0,0,0,0,0

2192,ガラナクエスト,0,0,0,0,0,0,0
2193,ガラナクエスト,0,0,0,0,0,0,0
2194,ガラナクエスト,0,0,0,0,0,0,0
2195,ガラナクエスト,0,0,0,0,0,0,0
2196,ガラナクエスト,0,0,0,0,0,0,0
2197,ガラナクエスト,0,0,0,0,0,0,0
2198,ガラナクエスト,0,0,0,0,0,0,0
2199,ガラナクエスト,0,0,0,0,0,0,0
2200,ガラナクエスト,0,0,0,0,0,0,0
2201,幸運の睡蓮クエスト,0,0,0,0,0,0,0
2202,幸運の睡蓮クエスト,0,0,0,0,0,0,0
2203,幸運の睡蓮クエスト,0,0,0,0,0,0,0
2204,幸運の睡蓮クエスト,0,0,0,0,0,0,0
2205,幸運の睡蓮クエスト,0,0,0,0,0,0,0
2206,幸運の睡蓮クエスト,0,0,0,0,0,0,0
2207,幸運の睡蓮クエスト,0,0,0,0,0,0,0
2208,トイレのオバケクエスト,0,0,0,0,0,0,0

//3000,バード転職,0,0,0,0,0,0,0
//3001,バード転職,0,0,0,0,0,0,0
//3002,バード転職,0,0,0,0,0,0,0
//3003,バード転職,0,0,0,0,0,0,0
//3004,バード転職,0,0,0,0,0,0,0
//3005,バード転職,0,0,0,0,0,0,0
//3006,クルセイダー転職,0,0,0,0,0,0,0
//3007,クルセイダー転職,0,0,0,0,0,0,0
//3008,クルセイダー転職,0,0,0,0,0,0,0
//3009,クルセイダー転職,0,0,0,0,0,0,0
//3010,クルセイダー転職,0,0,0,0,0,0,0
//3011,クルセイダー転職,0,0,0,0,0,0,0
//3012,クルセイダー転職,0,0,0,0,0,0,0
//3013,クルセイダー転職,0,0,0,0,0,0,0
//3014,クルセイダー転職,0,0,0,0,0,0,0
//3015,クルセイダー転職,0,0,0,0,0,0,0
//3016,モンク転職,0,0,0,0,0,0,0
//3017,モンク転職,0,0,0,0,0,0,0
//3018,モンク転職,0,0,0,0,0,0,0
//3019,モンク転職,0,0,0,0,0,0,0
//3020,モンク転職,0,0,0,0,0,0,0
//3021,モンク転職,0,0,0,0,0,0,0
//3022,モンク転職,0,0,0,0,0,0,0
//3023,モンク転職,0,0,0,0,0,0,0
//3024,モンク転職,0,0,0,0,0,0,0
//3025,モンク転職,0,0,0,0,0,0,0
//3026,モンク転職,0,0,0,0,0,0,0
//3027,モンク転職,0,0,0,0,0,0,0
//3028,モンク転職,0,0,0,0,0,0,0
//3029,モンク転職,0,0,0,0,0,0,0
//3030,モンク転職,0,0,0,0,0,0,0
//3031,モンク転職,0,0,0,0,0,0,0
//3032,モンク転職,0,0,0,0,0,0,0

3040,魔王バフォメットの呪い,43200,0,0,0,0,0,0
3041,封印祭壇の魔力,180,0,0,0,0,0,0
3042,災いを呼ぶ角,0,0,0,0,0,0,0
3043,災いを呼ぶ角,0,0,0,0,0,0,0

3050,魔王モロク討伐,0,0,0,0,0,0,0
3051,魔王モロク討伐,0,0,0,0,0,0,0
3052,魔王モロク討伐,0,0,0,0,0,0,0
3053,魔王モロク討伐,0,0,0,0,0,0,0
3054,魔王モロク討伐,0,0,0,0,0,0,0
3055,魔王モロク討伐,0,0,0,0,0,0,0
3056,魔王モロク討伐,0,0,0,0,0,0,0

//3060,トール火山の秘密,0,0,0,0,0,0,0
//3061,トール火山の秘密,0,0,0,0,0,0,0
//3062,トール火山の秘密,0,0,0,0,0,0,0
//3063,トール火山の秘密,0,0,0,0,0,0,0
//3064,トール火山の秘密,0,0,0,0,0,0,0
//3065,トール火山の秘密,0,0,0,0,0,0,0
//3066,トール火山の秘密,0,0,0,0,0,0,0
//3067,トール火山の秘密,0,0,0,0,0,0,0
//3068,トール火山の秘密,0,0,0,0,0,0,0
//3069,トール火山の秘密,0,0,0,0,0,0,0
//3070,トール火山の秘密,0,0,0,0,0,0,0
//3071,トール火山の秘密,0,0,0,0,0,0,0
//3072,トール火山の秘密,0,0,0,0,0,0,0
//3073,トール火山の秘密,0,0,0,0,0,0,0
//3074,トール火山の秘密,0,0,0,0,0,0,0
//3075,トール火山の秘密,0,0,0,0,0,0,0
//3076,トール火山の秘密,0,0,0,0,0,0,0
//3077,トール火山の秘密,0,0,0,0,0,0,0
//3078,トール火山の秘密,0,0,0,0,0,0,0
//3079,トール火山の秘密,0,0,0,0,0,0,0
//3080,トール火山の秘密,0,0,0,0,0,0,0
//3081,トール火山の秘密,0,0,0,0,0,0,0
//3082,トール火山の秘密,0,0,0,0,0,0,0
//3083,トール火山の秘密,0,0,0,0,0,0,0

3085,三ヶ国への報告書,0,0,0,0,0,0,0
3086,三ヶ国への報告書,0,0,0,0,0,0,0
3087,三ヶ国への報告書,0,0,0,0,0,0,0
3088,三ヶ国への報告書,0,0,0,0,0,0,0
3089,三ヶ国への報告書,0,0,0,0,0,0,0
3090,三ヶ国への報告書,0,0,0,0,0,0,0
3091,三ヶ国への報告書,1800,0,0,0,0,0,0
3092,三ヶ国への報告書,0,0,0,0,0,0,0
3093,三ヶ国への報告書,0,0,0,0,0,0,0
3094,三ヶ国への報告書,0,0,0,0,0,0,0

3135,守護者の門の制限,259200,0,0,0,0,0,0

//4000,ハンター転職,0,0,0,0,0,0,0
//4001,ハンター転職,0,0,0,0,0,0,0
//4002,ハンター転職,0,0,0,0,0,0,0
//4003,ハンター転職,0,0,0,0,0,0,0
//4004,ハンター転職,0,0,0,0,0,0,0
//4005,ハンター転職,0,0,0,0,0,0,0
//4006,ハンター転職,0,0,0,0,0,0,0
//4007,ハンター転職,0,0,0,0,0,0,0
//4008,ハンター転職,0,0,0,0,0,0,0
//4009,ハンター転職,0,0,0,0,0,0,0
//4010,ハンター転職,0,0,0,0,0,0,0
//4011,ハンター転職,0,0,0,0,0,0,0
//4012,ハンター転職,0,0,0,0,0,0,0
//4013,ハンター転職,0,0,0,0,0,0,0

4133,イアラクエスト,0,0,0,0,0,0,0
4134,イアラクエスト,0,0,0,0,0,0,0
4135,イアラクエスト,72000,0,0,0,0,0,0

//4197,暴窟王の洞窟入場,3600,0,0,0,0,0,0

5035,デワタの伝統酒,0,0,0,0,0,0,0
5036,デワタの伝統酒,0,0,0,0,0,0,0
5037,デワタの伝統酒,0,0,0,0,0,0,0
5038,デワタの伝統酒,0,0,0,0,0,0,0
5039,デワタの伝統酒,0,0,0,0,0,0,0
5040,デワタの伝統酒,0,0,0,0,0,0,0
5041,デワタの伝統酒,0,0,0,0,0,0,0
5042,デワタの伝統酒,0,0,0,0,0,0,0
5043,デワタの伝統酒,0,0,0,0,0,0,0
5044,デワタの伝統酒,82800,0,0,0,0,0,0
5045,デワタの伝統酒,0,0,0,0,0,0,0
5046,デワタの伝統酒,0,0,0,0,0,0,0
5047,デワタの伝統酒,0,0,0,0,0,0,0
5048,デワタの伝統酒,0,0,0,0,0,0,0
5049,デワタの伝統酒,0,0,0,0,0,0,0
5050,デワタの伝統酒,0,0,0,0,0,0,0
5051,デワタの伝統酒,0,0,0,0,0,0,0
5052,古の短剣,0,0,0,0,0,0,0
5053,古の短剣,0,0,0,0,0,0,0
5054,古の短剣,0,0,0,0,0,0,0

5092,スーパーノービス限界突破,0,0,0,0,0,0,0
5093,スーパーノービス限界突破,0,0,0,0,0,0,0
5094,スーパーノービス限界突破,0,1002,1000,0,0,0,0
5095,スーパーノービス限界突破,0,1063,1000,0,0,0,0
5096,スーパーノービス限界突破,0,1007,1000,0,0,0,0
5097,スーパーノービス限界突破,0,1049,1000,0,0,0,0
5098,スーパーノービス限界突破,0,0,0,0,0,0,0
5099,スーパーノービス限界突破,0,0,0,0,0,0,0
5100,スーパーノービス限界突破,0,0,0,0,0,0,0

5131,影狼・朧転職,0,0,0,0,0,0,0
5132,影狼・朧転職,0,0,0,0,0,0,0
5133,影狼・朧転職,0,0,0,0,0,0,0
5134,影狼・朧転職,0,0,0,0,0,0,0
5135,影狼・朧転職,0,0,0,0,0,0,0
5136,影狼・朧転職〜知識の試練〜,0,0,0,0,0,0,0
5137,影狼・朧転職〜生存の試練〜,0,0,0,0,0,0,0
5138,影狼・朧転職〜武器の試練〜,0,0,0,0,0,0,0
5139,影狼・朧転職〜知識の試練〜,0,0,0,0,0,0,0
5140,影狼・朧転職〜生存の試練〜,0,0,0,0,0,0,0
5141,影狼・朧転職〜生存の試練〜,120,0,0,0,0,0,0
5142,影狼・朧転職〜武器の試練〜,0,0,0,0,0,0,0
5143,影狼・朧転職〜武器の試練〜,0,0,0,0,0,0,0
5144,影狼・朧転職〜武器の試練〜,0,0,0,0,0,0,0
5145,影狼・朧転職〜武器の試練〜,0,0,0,0,0,0,0
5146,影狼・朧転職〜戦闘の試練〜,0,0,0,0,0,0,0

6000,テコンキッド転職,0,0,0,0,0,0,0
6001,テコンキッド転職,0,0,0,0,0,0,0
6002,テコンキッド転職,0,0,0,0,0,0,0

//6005,ソウルリンカー転職,0,0,0,0,0,0,0
//6006,ソウルリンカー転職,0,0,0,0,0,0,0
//6007,ソウルリンカー転職,0,0,0,0,0,0,0
//6008,ソウルリンカー転職,0,0,0,0,0,0,0

6010,スーパーノービス転職,0,0,0,0,0,0,0

6015,忍者転職,0,0,0,0,0,0,0
6016,忍者転職,0,0,0,0,0,0,0
6017,忍者転職,0,0,0,0,0,0,0
6018,忍者転職,0,0,0,0,0,0,0

6020,ガンスリンガー転職,0,0,0,0,0,0,0
6021,ガンスリンガー転職,0,0,0,0,0,0,0
6022,ガンスリンガー転職,0,0,0,0,0,0,0
6023,ガンスリンガー転職,0,0,0,0,0,0,0
6024,ガンスリンガー転職,0,0,0,0,0,0,0

//7000,ダンサー転職,0,0,0,0,0,0,0
//7001,ダンサー転職,0,0,0,0,0,0,0
//7002,ダンサー転職,0,0,0,0,0,0,0
//7003,ダンサー転職,0,0,0,0,0,0,0
//7004,ダンサー転職,0,0,0,0,0,0,0
//7005,ダンサー転職,0,0,0,0,0,0,0
//7006,ダンサー転職,0,0,0,0,0,0,0
//7007,拳聖転職,0,0,0,0,0,0,0
//7008,拳聖転職,0,0,0,0,0,0,0
//7009,拳聖転職,0,0,0,0,0,0,0
//7010,拳聖転職,0,0,0,0,0,0,0
//7011,拳聖転職,0,0,0,0,0,0,0

7012,魔王モロク追跡,0,0,0,0,0,0,0
7013,魔王モロク追跡,0,0,0,0,0,0,0
7014,魔王モロク追跡,0,0,0,0,0,0,0
7015,魔王モロク追跡,0,0,0,0,0,0,0
7016,魔王モロク追跡,0,0,0,0,0,0,0
7017,魔王モロク追跡,0,0,0,0,0,0,0
7018,魔王モロク追跡,0,0,0,0,0,0,0
7019,魔王モロク追跡,0,0,0,0,0,0,0
7020,魔王モロク追跡,0,0,0,0,0,0,0
7021,魔王モロク追跡,0,0,0,0,0,0,0
7022,魔王モロク追跡,0,0,0,0,0,0,0
7023,魔王モロク追跡,0,0,0,0,0,0,0
7024,魔王モロク追跡,0,0,0,0,0,0,0
7025,魔王モロク追跡,0,0,0,0,0,0,0
7026,魔王モロク追跡,0,0,0,0,0,0,0
7027,魔王モロク追跡,0,0,0,0,0,0,0
7028,魔王モロク追跡,0,0,0,0,0,0,0
7029,魔王モロク追跡,0,0,0,0,0,0,0
7030,魔王モロク追跡,0,0,0,0,0,0,0
7031,魔王モロク追跡,0,0,0,0,0,0,0
7032,魔王モロク追跡,0,0,0,0,0,0,0
7033,魔王モロク追跡,0,0,0,0,0,0,0
7034,魔王モロク追跡,0,0,0,0,0,0,0
7035,魔王モロク追跡,0,0,0,0,0,0,0
7036,魔王モロク追跡,0,0,0,0,0,0,0
7037,魔王モロク追跡,0,0,0,0,0,0,0
7038,魔王モロク追跡,0,0,0,0,0,0,0
7039,魔王モロク追跡,0,0,0,0,0,0,0
7040,魔王モロク追跡,0,0,0,0,0,0,0
7041,魔王モロク追跡,0,0,0,0,0,0,0
7042,飼育場のお手伝い,0,0,0,0,0,0,0
7043,飼育場のお手伝い,0,0,0,0,0,0,0
7044,飼育場のお手伝い,0,0,0,0,0,0,0
7045,飼育場のお手伝い,0,0,0,0,0,0,0
7046,飼育場のお手伝い,0,0,0,0,0,0,0
7047,飼育場のお手伝い,18000,0,0,0,0,0,0

7054,ミューの依頼,0,1282,1000,0,0,0,0
7055,ミューの依頼,0,1261,1,0,0,0,0
7056,二つの種族,0,0,0,0,0,0,0
7057,二つの種族,0,0,0,0,0,0,0
7058,二つの種族,0,0,0,0,0,0,0
7059,二つの種族,0,0,0,0,0,0,0
7060,二つの種族,0,0,0,0,0,0,0
7061,二つの種族,0,0,0,0,0,0,0
7062,二つの種族,0,0,0,0,0,0,0
7063,二つの種族,0,0,0,0,0,0,0
7064,二つの種族,0,0,0,0,0,0,0
7065,二つの種族,0,0,0,0,0,0,0
7066,二つの種族,0,0,0,0,0,0,0
7067,二つの種族,0,0,0,0,0,0,0
7068,二つの種族,0,0,0,0,0,0,0
7069,二つの種族,0,0,0,0,0,0,0
7070,二つの種族,0,0,0,0,0,0,0
7071,二つの種族,0,0,0,0,0,0,0
7074,マヌクのモンスター討伐(ラタトスク),0,2017,1,0,0,0,0
7075,マヌクのモンスター討伐(ドゥネイール),0,2018,1,0,0,0,0
7076,リーンの依頼,0,2026,1,0,0,0,0
7077,ドラコの卵,0,0,0,0,0,0,0
7078,ドラコの卵,0,0,0,0,0,0,0
7079,ブラディウム,0,0,0,0,0,0,0
7080,ブラディウム,0,0,0,0,0,0,0
7081,ラフィネ族のヤイ,0,0,0,0,0,0,0
7082,ラフィネ族のヤイ,0,0,0,0,0,0,0

7182,エルディカスティス,0,0,0,0,0,0,0
7183,猫耳と尻尾の男,0,0,0,0,0,0,0
7184,エルディカスティス,0,0,0,0,0,0,0
7185,猫耳と尻尾の男,0,0,0,0,0,0,0
7186,猫耳と尻尾の男,0,0,0,0,0,0,0
7187,猫耳と尻尾の男,0,0,0,0,0,0,0
7188,猫耳と尻尾の男,0,0,0,0,0,0,0
7189,猫耳と尻尾の男,0,0,0,0,0,0,0
7190,猫耳と尻尾の男,0,0,0,0,0,0,0
7191,猫耳と尻尾の男,0,0,0,0,0,0,0
7192,猫耳と尻尾の男,0,0,0,0,0,0,0
7193,猫耳と尻尾の男,0,0,0,0,0,0,0
7194,猫耳と尻尾の男,0,0,0,0,0,0,0
7195,猫耳と尻尾の男,0,0,0,0,0,0,0
7196,猫耳と尻尾の男,0,0,0,0,0,0,0
7197,猫耳と尻尾の男,0,0,0,0,0,0,0
7198,猫耳と尻尾の男,0,0,0,0,0,0,0
7199,猫耳と尻尾の男,0,0,0,0,0,0,0
7200,亀裂の遺物回収,82800,0,0,0,0,0,0
7201,亀裂の遺物回収,0,0,0,0,0,0,0
7202,亀裂の遺物回収,0,0,0,0,0,0,0
7203,猫耳と尻尾の男,0,0,0,0,0,0,0

//8000,アサシン転職,0,0,0,0,0,0,0
//8001,アサシン転職,0,0,0,0,0,0,0
//8002,アサシン転職,0,0,0,0,0,0,0
//8003,アサシン転職,0,0,0,0,0,0,0
//8004,アサシン転職,0,0,0,0,0,0,0
//8005,アサシン転職,0,0,0,0,0,0,0
//8006,アサシン転職,0,0,0,0,0,0,0
//8007,アサシン転職,0,0,0,0,0,0,0
//8008,アサシン転職,0,0,0,0,0,0,0
//8009,プリースト転職,0,0,0,0,0,0,0
//8010,プリースト転職,0,0,0,0,0,0,0
//8011,プリースト転職,0,0,0,0,0,0,0
//8012,プリースト転職,0,0,0,0,0,0,0
//8013,プリースト転職,0,0,0,0,0,0,0
//8014,プリースト転職,0,0,0,0,0,0,0
//8015,プリースト転職,0,0,0,0,0,0,0
//8016,プリースト転職,0,0,0,0,0,0,0

8196,会議のおとも,0,0,0,0,0,0,0
8197,会議のおとも,0,0,0,0,0,0,0
8198,会議のおとも,0,0,0,0,0,0,0
8199,会議のおとも,0,0,0,0,0,0,0
8200,会議のおとも,0,0,0,0,0,0,0
8201,会議のおとも,0,0,0,0,0,0,0
8202,会議のおとも,0,0,0,0,0,0,0
8203,会議のおとも,0,0,0,0,0,0,0
8204,会議のおとも,0,0,0,0,0,0,0
8205,会議のおとも,0,0,0,0,0,0,0
8206,会議のおとも,0,0,0,0,0,0,0
8207,会議のおとも,0,0,0,0,0,0,0
8208,会議のおとも,0,0,0,0,0,0,0
8209,会議のおとも,0,0,0,0,0,0,0
8210,会議のおとも,0,0,0,0,0,0,0

8243,知恵の王の指輪,0,0,0,0,0,0,0
8244,知恵の王の指輪,0,0,0,0,0,0,0
8245,知恵の王の指輪,0,0,0,0,0,0,0
8246,知恵の王の指輪,0,0,0,0,0,0,0
8241,知恵の王の指輪(西の地域の宝石回収),0,0,0,0,0,0,0
8242,知恵の王の指輪(東の地域の宝石回収),0,0,0,0,0,0,0
8247,知恵の王の指輪,0,0,0,0,0,0,0
8248,知恵の王の指輪,0,0,0,0,0,0,0
8249,知恵の王の指輪,0,0,0,0,0,0,0
8250,知恵の王の指輪,0,0,0,0,0,0,0
8251,知恵の王の指輪,0,0,0,0,0,0,0
8252,知恵の王の指輪,0,0,0,0,0,0,0
8253,知恵の王の指輪,0,0,0,0,0,0,0

//9000,ナイト転職,0,0,0,0,0,0,0
//9001,ナイト転職,0,0,0,0,0,0,0
//9002,ナイト転職,0,0,0,0,0,0,0
//9003,ナイト転職,0,0,0,0,0,0,0
//9004,ナイト転職,0,0,0,0,0,0,0
//9005,ナイト転職,0,0,0,0,0,0,0
//9006,ナイト転職,0,0,0,0,0,0,0
//9007,ナイト転職,0,0,0,0,0,0,0
//9008,ナイト転職,0,0,0,0,0,0,0
//9009,ナイト転職,0,0,0,0,0,0,0
//9010,ナイト転職,0,0,0,0,0,0,0
//9011,ナイト転職,0,0,0,0,0,0,0
//9012,ナイト転職,0,0,0,0,0,0,0
//9013,ウィザード転職,0,0,0,0,0,0,0
//9014,ウィザード転職,0,0,0,0,0,0,0
//9015,ウィザード転職,0,0,0,0,0,0,0
//9016,ウィザード転職,0,0,0,0,0,0,0
//9017,ウィザード転職,0,0,0,0,0,0,0
//9018,ウィザード転職,0,0,0,0,0,0,0

9028,変なヒドラクエスト,0,0,0,0,0,0,0
9029,変なヒドラクエスト,72000,0,0,0,0,0,0
9030,ブラジリスの子犬クエスト,0,0,0,0,0,0,0
9031,ブラジリスの子犬クエスト,0,0,0,0,0,0,0
9032,ブラジリスの子犬クエスト,72000,0,0,0,0,0,0

9155,ジャティ族の王冠,0,0,0,0,0,0,0
9156,ジャティ族の王冠,0,0,0,0,0,0,0
9157,ジャティ族の王冠,0,0,0,0,0,0,0
9158,ジャティ族の王冠,0,0,0,0,0,0,0
9159,ジャティ族の王冠,0,0,0,0,0,0,0
9160,ジャティ族の王冠,0,0,0,0,0,0,0
9161,ジャティ族の王冠,0,0,0,0,0,0,0
9162,ジャティ族の王冠,0,0,0,0,0,0,0
9163,ジャティ族の王冠,0,0,0,0,0,0,0
9164,ジャティ族の王冠,0,0,0,0,0,0,0
9165,ジャティ族の王冠,0,0,0,0,0,0,0

10000,王位継承,0,0,0,0,0,0,0
10001,王位継承,0,0,0,0,0,0,0
10002,王位継承,0,0,0,0,0,0,0
10003,王位継承,0,0,0,0,0,0,0
10004,王位継承,0,0,0,0,0,0,0
10005,王位継承,0,0,0,0,0,0,0
10006,王位継承,0,0,0,0,0,0,0
10007,王位継承,0,0,0,0,0,0,0
10008,王位継承,0,0,0,0,0,0,0
10009,王位継承,0,0,0,0,0,0,0
10010,王位継承,0,0,0,0,0,0,0
10011,王位継承,0,0,0,0,0,0,0
10012,王位継承,0,0,0,0,0,0,0
10013,王位継承,0,0,0,0,0,0,0
10014,王位継承,0,0,0,0,0,0,0
//10015,王位継承,0,0,0,0,0,0,0
10016,王位継承,0,0,0,0,0,0,0
10017,王位継承,0,0,0,0,0,0,0
10018,王位継承,0,0,0,0,0,0,0
10019,王位継承,0,0,0,0,0,0,0
10020,王位継承,0,0,0,0,0,0,0
10021,王位継承,0,0,0,0,0,0,0
10022,王位継承,0,0,0,0,0,0,0
10023,王位継承,0,0,0,0,0,0,0
10024,王位継承,0,0,0,0,0,0,0
10025,王位継承,0,0,0,0,0,0,0

10057,異世界,0,0,0,0,0,0,0
10058,異世界,0,0,0,0,0,0,0
10059,異世界,0,0,0,0,0,0,0
10060,異世界,0,0,0,0,0,0,0
10061,異世界,0,0,0,0,0,0,0
10062,異世界,0,0,0,0,0,0,0
10063,異世界,0,0,0,0,0,0,0
10064,異世界,0,0,0,0,0,0,0
10065,異世界,0,0,0,0,0,0,0
10066,異世界,0,0,0,0,0,0,0
10067,異世界,0,0,0,0,0,0,0
10068,異世界,0,0,0,0,0,0,0
10069,異世界,0,0,0,0,0,0,0
10070,異世界,0,0,0,0,0,0,0
10071,異世界,0,0,0,0,0,0,0
10072,異世界,0,0,0,0,0,0,0
10073,異世界,0,0,0,0,0,0,0
10074,異世界,0,0,0,0,0,0,0
10075,異世界,0,0,0,0,0,0,0
10076,異世界,0,0,0,0,0,0,0
10077,異世界,0,0,0,0,0,0,0
10078,異世界,0,0,0,0,0,0,0
10079,アルベルタの少年,0,0,0,0,0,0,0
10080,アルベルタの少年,0,0,0,0,0,0,0
10081,アルベルタの少年,0,0,0,0,0,0,0
10082,アルベルタの少年,0,0,0,0,0,0,0
10083,アルベルタの少年,0,0,0,0,0,0,0
10084,アルベルタの少年,0,1261,1,0,0,0,0
10085,アルベルタの少年,86400,0,0,0,0,0,0
10086,アルベルタの少年,0,0,0,0,0,0,0
10087,アルベルタの少年,86400,0,0,0,0,0,0
10088,アルベルタの少年,0,0,0,0,0,0,0
10089,アルベルタの少年,0,0,0,0,0,0,0

11084,駐屯地の人々,0,0,0,0,0,0,0
11085,駐屯地の人々,0,0,0,0,0,0,0
11086,駐屯地の人々,0,0,0,0,0,0,0
11087,駐屯地の人々,0,0,0,0,0,0,0
11088,駐屯地の人々,0,0,0,0,0,0,0
11089,駐屯地の人々,0,0,0,0,0,0,0
11090,駐屯地の人々,0,0,0,0,0,0,0
11091,駐屯地の人々,0,0,0,0,0,0,0
11092,駐屯地の人々,0,0,0,0,0,0,0
11093,駐屯地の人々,0,0,0,0,0,0,0
11094,駐屯地の人々,0,0,0,0,0,0,0
11095,駐屯地の人々,0,0,0,0,0,0,0
11096,駐屯地の人々,0,0,0,0,0,0,0
11097,駐屯地の人々,0,0,0,0,0,0,0
11098,駐屯地の人々,0,0,0,0,0,0,0
11099,駐屯地の人々,0,0,0,0,0,0,0
11100,駐屯地の人々,0,0,0,0,0,0,0
11101,異種族の調査,0,0,0,0,0,0,0
11102,異種族の調査,0,0,0,0,0,0,0
11104,異種族の調査,0,0,0,0,0,0,0
11105,異種族の調査,0,0,0,0,0,0,0

11159,友達のために〜ブライアンの安否〜,0,0,0,0,0,0,0
11160,友達のために〜ジョンジョンの安否〜,0,0,0,0,0,0,0
11161,友達のために〜テーラーの安否〜,0,0,0,0,0,0,0
11162,友達のために〜ロズレの安否〜,0,0,0,0,0,0,0
11163,友達のために〜ベインの安否〜,0,0,0,0,0,0,0
11164,友達のために〜レシューの安否〜,0,0,0,0,0,0,0
11165,友達のために〜ブライアンに配達〜,0,0,0,0,0,0,0
11166,友達のために〜ジョンジョンに配達〜,0,0,0,0,0,0,0
11167,友達のために〜テーラーに配達〜,0,0,0,0,0,0,0
11168,友達のために〜ロズレに配達〜,0,0,0,0,0,0,0
11169,友達のために〜ベインに配達〜,0,0,0,0,0,0,0
11170,友達のために〜レシューに配達〜,0,0,0,0,0,0,0
11171,友達のために,0,0,0,0,0,0,0
11172,友達のために,0,0,0,0,0,0,0
11173,友達のために,0,0,0,0,0,0,0
11174,友達のために,0,0,0,0,0,0,0
11175,友達のために,7200,0,0,0,0,0,0
11176,友達のために,0,0,0,0,0,0,0

11209,猫達の定期集会,0,0,0,0,0,0,0
11210,猫達の定期集会,0,0,0,0,0,0,0
11211,猫達の定期集会,0,0,0,0,0,0,0
11212,猫達の定期集会,0,0,0,0,0,0,0
11213,猫達の定期集会,0,0,0,0,0,0,0
11214,猫達の定期集会,0,0,0,0,0,0,0
11215,猫達の定期集会,0,0,0,0,0,0,0
11216,猫達の定期集会,0,0,0,0,0,0,0
11217,猫達の定期集会,0,0,0,0,0,0,0
11218,猫達の定期集会,0,0,0,0,0,0,0
11219,猫達の定期集会,0,0,0,0,0,0,0
11220,猫達の定期集会,0,0,0,0,0,0,0
11221,猫達の定期集会,0,0,0,0,0,0,0
11222,猫達の定期集会,0,0,0,0,0,0,0
11223,猫達の定期集会,0,0,0,0,0,0,0
11224,猫達の定期集会,0,0,0,0,0,0,0
11225,猫達の定期集会,0,0,0,0,0,0,0
11226,猫達の定期集会,0,0,0,0,0,0,0
11227,猫達の定期集会,0,0,0,0,0,0,0
11228,猫達の定期集会,0,0,0,0,0,0,0
11229,猫達の定期集会,0,0,0,0,0,0,0
11230,猫達の定期集会,0,0,0,0,0,0,0
11231,猫達の定期集会,0,0,0,0,0,0,0
11232,猫達の定期集会,0,0,0,0,0,0,0
11233,猫達の定期集会,0,0,0,0,0,0,0
11234,猫達の定期集会,0,0,0,0,0,0,0
11235,猫達の定期集会,0,0,0,0,0,0,0
11236,猫達の定期集会,0,0,0,0,0,0,0
11237,猫達の定期集会,0,0,0,0,0,0,0
11238,新鮮な実探し,0,0,0,0,0,0,0
11239,新鮮な実探し,82800,0,0,0,0,0,0
11240,マラン島の亀裂修復,0,0,0,0,0,0,0
11241,マラン島の亀裂修復,0,0,0,0,0,0,0
11242,マラン島の亀裂修復,0,0,0,0,0,0,0
11243,マラン島の亀裂修復,82800,0,0,0,0,0,0
11244,おいしいゼリー集め,0,0,0,0,0,0,0
11245,おいしいゼリー集め,82800,0,0,0,0,0,0

12058,エンドレスタワーの刻の呪い,604800,0,0,0,0,0,0
12059,時間移動の影響,14400,0,0,0,0,0,0
12060,猫の手職員ガルルの制限時間,1800,0,0,0,0,0,0
//12061,集中,0,0,0,0,0,0,0
12062,鉱石担当の猫の手職員の制限時間,1800,0,0,0,0,0,0

12099,ディエル〜狩猟1課①〜,0,2014,10,0,0,0,0
12100,ディエル〜狩猟1課②〜,0,1994,12,0,0,0,0
12101,ディエル〜狩猟1課③〜,0,2013,5,0,0,0,0
12102,ディエル〜狩猟1課④〜,0,1993,10,0,0,0,0
12103,ディエル〜狩猟1課⑤〜,0,1992,1,0,0,0,0
12104,ディエル〜狩猟1課⑥〜,0,1987,15,0,0,0,0
12105,ディエル〜狩猟1課⑦〜,0,2024,10,0,0,0,0
12106,ディエル〜狩猟2課①〜,0,1995,15,0,0,0,0
12107,ディエル〜狩猟2課②〜,0,2015,10,0,0,0,0
12108,ディエル〜狩猟2課③〜,0,1988,12,0,0,0,0
12109,ディエル〜狩猟2課④〜,0,1999,14,0,0,0,0
12110,ディエル〜狩猟2課⑤〜,0,2016,7,0,0,0,0
12111,ディエル〜狩猟2課⑥〜,0,1986,10,0,0,0,0
12117,ディエル〜補給1課①〜,0,0,0,0,0,0,0
12118,ディエル〜補給1課②〜,0,0,0,0,0,0,0
12119,ディエル〜補給1課③〜,0,0,0,0,0,0,0
12120,ディエル〜補給1課④〜,0,0,0,0,0,0,0
12121,ディエル〜補給1課⑤〜,0,0,0,0,0,0,0
12122,ディエル〜補給1課⑥〜,0,0,0,0,0,0,0
12123,ディエル〜補給1課⑦〜,0,0,0,0,0,0,0
12124,ディエル〜補給1課⑧〜,0,0,0,0,0,0,0
12125,ディエル〜補給1課⑨〜,0,0,0,0,0,0,0
12126,ディエル〜補給1課⑩〜,0,0,0,0,0,0,0
12127,ディエル〜補給2課①〜,0,0,0,0,0,0,0
12128,ディエル〜補給2課②〜,0,0,0,0,0,0,0
12129,ディエル〜補給2課③〜,0,0,0,0,0,0,0
12130,ディエル〜補給2課④〜,0,0,0,0,0,0,0
12131,ディエル〜補給2課⑤〜,0,0,0,0,0,0,0
12132,ディエル〜補給2課⑥〜,0,0,0,0,0,0,0
12133,ディエル〜補給2課⑦〜,0,0,0,0,0,0,0
12134,ディエル〜補給2課⑧〜,0,0,0,0,0,0,0
12135,ディエル〜補給2課⑨〜,0,0,0,0,0,0,0
12136,ディエル〜補給2課⑩〜,0,0,0,0,0,0,0
12137,ディエル〜運送1課①〜,0,0,0,0,0,0,0
12138,ディエル〜運送1課②〜,0,0,0,0,0,0,0
12139,ディエル〜運送1課③〜,0,0,0,0,0,0,0
12140,ディエル〜運送1課④〜,0,0,0,0,0,0,0
12141,ディエル〜運送1課⑤〜,0,0,0,0,0,0,0
12142,ディエル〜運送1課⑥〜,0,0,0,0,0,0,0
12143,ディエル〜運送1課⑦〜,0,0,0,0,0,0,0
12144,ディエル〜運送1課⑧〜,0,0,0,0,0,0,0
12145,ディエル〜運送1課⑨〜,0,0,0,0,0,0,0
12146,ディエル〜運送1課⑩〜,0,0,0,0,0,0,0
12147,ディエル〜運送1課⑪〜,0,0,0,0,0,0,0
12148,ディエル〜運送2課①〜,0,0,0,0,0,0,0
12149,ディエル〜運送2課②〜,0,0,0,0,0,0,0
12150,ディエル〜運送2課③〜,0,0,0,0,0,0,0
12151,ディエル〜運送2課④〜,0,0,0,0,0,0,0
12152,ディエル〜運送2課⑤〜,0,0,0,0,0,0,0
12153,ディエル〜運送2課⑥〜,0,0,0,0,0,0,0
12154,ディエル〜運送2課⑦〜,0,0,0,0,0,0,0
12155,ディエル〜運送2課⑧〜,0,0,0,0,0,0,0
12156,ディエル〜運送2課⑨〜,0,0,0,0,0,0,0
12157,ディエル〜運送2課⑩〜,0,0,0,0,0,0,0
12158,ディエル〜運送2課⑪〜,0,0,0,0,0,0,0
12159,ディエル時間制限〜狩猟1課〜,82800,0,0,0,0,0,0
12160,ディエル時間制限〜狩猟2課〜,82800,0,0,0,0,0,0
12161,ディエル時間制限〜補給1課〜,82800,0,0,0,0,0,0
12162,ディエル時間制限〜補給2課〜,82800,0,0,0,0,0,0
12163,ディエル時間制限〜運送1課〜,82800,0,0,0,0,0,0
12164,ディエル時間制限〜運送2課〜,82800,0,0,0,0,0,0
12165,文書クエスト(6時間),21600,0,0,0,0,0,0
12166,文書クエスト(1巻),0,0,0,0,0,0,0
12167,文書クエスト(2巻),0,0,0,0,0,0,0
12168,文書クエスト(3巻),0,0,0,0,0,0,0
12169,文書クエスト(4巻),0,0,0,0,0,0,0
12170,文書クエスト(5巻),0,0,0,0,0,0,0
12171,文書クエスト(6巻),0,0,0,0,0,0,0
12172,文書クエスト(7巻),0,0,0,0,0,0,0
12173,文書クエスト(8巻),0,0,0,0,0,0,0
12174,文書クエスト(9巻),0,0,0,0,0,0,0
12175,文書クエスト(10巻),0,0,0,0,0,0,0
12176,文書クエスト(11巻),0,0,0,0,0,0,0
12177,文書クエスト(12巻),0,0,0,0,0,0,0
12178,文書クエスト(13巻),0,0,0,0,0,0,0
12179,文書クエスト(14巻),0,0,0,0,0,0,0
12180,文書クエスト(15巻),0,0,0,0,0,0,0
12181,文書クエスト(16巻),0,0,0,0,0,0,0
12182,文書クエスト(17巻),0,0,0,0,0,0,0
12183,文書クエスト(18巻),0,0,0,0,0,0,0
12184,文書クエスト(19巻),0,0,0,0,0,0,0
12185,文書クエスト(20巻),0,0,0,0,0,0,0
12186,文書クエスト(21巻),0,0,0,0,0,0,0
12187,文書クエスト(22巻),0,0,0,0,0,0,0
12188,文書クエスト(23巻),0,0,0,0,0,0,0
12189,文書クエスト(24巻),0,0,0,0,0,0,0
12190,文書クエスト(25巻),0,0,0,0,0,0,0
12191,文書クエスト(26巻),0,0,0,0,0,0,0
12192,文書クエスト(27巻),0,0,0,0,0,0,0
12193,文書クエスト(28巻),0,0,0,0,0,0,0
12194,文書クエスト(29巻),0,0,0,0,0,0,0
12195,文書クエスト(30巻),0,0,0,0,0,0,0
12196,文書クエスト(31巻),0,0,0,0,0,0,0
12197,文書クエスト(32巻),0,0,0,0,0,0,0
12198,文書クエスト(33巻),0,0,0,0,0,0,0
12199,文書クエスト(34巻),0,0,0,0,0,0,0
12200,文書クエスト(35巻),0,0,0,0,0,0,0
12201,文書クエスト(36巻),0,0,0,0,0,0,0
12202,文書クエスト(37巻),0,0,0,0,0,0,0
12203,文書クエスト(38巻),0,0,0,0,0,0,0
12204,文書クエスト(39巻),0,0,0,0,0,0,0
12205,文書クエスト(40巻),0,0,0,0,0,0,0
12206,文書クエスト(41巻),0,0,0,0,0,0,0
12207,文書クエスト(42巻),0,0,0,0,0,0,0
12208,文書クエスト(43巻),0,0,0,0,0,0,0
12209,文書クエスト(44巻),0,0,0,0,0,0,0
12210,文書クエスト(45巻),0,0,0,0,0,0,0
12211,文書クエスト(46巻),0,0,0,0,0,0,0
12212,文書クエスト(47巻),0,0,0,0,0,0,0
12213,文書クエスト(48巻),0,0,0,0,0,0,0
12214,文書クエスト(49巻),0,0,0,0,0,0,0
12215,文書クエスト(50巻),0,0,0,0,0,0,0
12216,猫の怒り(6時間),21600,0,0,0,0,0,0

50000,転生,0,0,0,0,0,0,0
50055,アーチャー転職,0,0,0,0,0,0,0
50110,シーフ転職,0,0,0,0,0,0,0
50115,シーフ転職,0,0,0,0,0,0,0
50165,ソードマン転職,0,0,0,0,0,0,0
50220,テコンキッド転職,0,0,0,0,0,0,0
50275,スーパーノービス転職,0,0,0,0,0,0,0
50330,アコライト転職,0,0,0,0,0,0,0
50335,アコライト転職,0,0,0,0,0,0,0
50340,アコライト転職,0,0,0,0,0,0,0
50345,アコライト転職,0,0,0,0,0,0,0
50385,マジシャン転職,0,0,0,0,0,0,0
50440,マーチャント転職,0,0,0,0,0,0,0
50445,マーチャント転職,0,0,0,0,0,0,0
50450,マーチャント転職,0,0,0,0,0,0,0
50455,マーチャント転職,0,0,0,0,0,0,0
50460,マーチャント転職,0,0,0,0,0,0,0
50465,マーチャント転職,0,0,0,0,0,0,0
50495,忍者転職,0,0,0,0,0,0,0
50550,ガンスリンガー転職,0,0,0,0,0,0,0

50605,スキル「急所攻撃」修得クエスト,0,0,0,0,0,0,0
50610,スキル「急所攻撃」修得クエスト,0,0,0,0,0,0,0
50615,スキル「急所攻撃」修得クエスト,0,0,0,0,0,0,0
50660,スキル「オートバーサク」修得クエスト,0,0,0,0,0,0,0
50665,スキル「オートバーサク」修得クエスト,0,0,0,0,0,0,0
50670,スキル「オートバーサク」修得クエスト,0,0,0,0,0,0,0
50715,スキル「移動時HP回復」修得クエスト,0,0,0,0,0,0,0
50720,スキル「移動時HP回復」修得クエスト,0,0,0,0,0,0,0
50725,スキル「移動時HP回復」修得クエスト,0,0,0,0,0,0,0
50770,スキル「エナジーコート」修得クエスト,0,0,0,0,0,0,0
50775,スキル「エナジーコート」修得クエスト,0,0,0,0,0,0,0
50825,スキル「矢作成」修得クエスト,0,0,0,0,0,0,0
50830,スキル「矢作成」修得クエスト,0,0,0,0,0,0,0
50835,スキル「矢作成」修得クエスト,0,0,0,0,0,0,0
50880,スキル「チャージアロー」修得クエスト,0,0,0,0,0,0,0
50885,スキル「チャージアロー」修得クエスト,0,0,0,0,0,0,0
50890,スキル「チャージアロー」修得クエスト,0,0,0,0,0,0,0
50895,スキル「チャージアロー」修得クエスト,0,0,0,0,0,0,0
50935,スキル「ホーリーライト」修得クエスト,0,0,0,0,0,0,0
50940,スキル「ホーリーライト」修得クエスト,0,0,0,0,0,0,0
50990,スキル「砂まき」修得クエスト,0,0,0,0,0,0,0
50995,スキル「砂まき」修得クエスト,0,0,0,0,0,0,0
51000,スキル「砂まき」修得クエスト,0,0,0,0,0,0,0
51005,スキル「砂まき」修得クエスト,0,0,0,0,0,0,0
51010,スキル「砂まき」修得クエスト,0,0,0,0,0,0,0
51045,スキル「バックステップ」修得クエスト,0,0,0,0,0,0,0
51050,スキル「バックステップ」修得クエスト,0,0,0,0,0,0,0
51100,スキル「石拾い」修得クエスト,0,0,0,0,0,0,0
51105,スキル「石拾い」修得クエスト,0,0,0,0,0,0,0
51110,スキル「石拾い」修得クエスト,0,0,0,0,0,0,0
51155,スキル「石投げ」修得クエスト,0,0,0,0,0,0,0
51160,スキル「石投げ」修得クエスト,0,0,0,0,0,0,0
51165,スキル「石投げ」修得クエスト,0,0,0,0,0,0,0
51210,スキル「ラウドボイス」修得クエスト,0,0,0,0,0,0,0
51215,スキル「ラウドボイス」修得クエスト,0,0,0,0,0,0,0
51220,スキル「ラウドボイス」修得クエスト,0,0,0,0,0,0,0
51265,スキル「チェンジカート」修得クエスト,0,0,0,0,0,0,0
51270,スキル「チェンジカート」修得クエスト,0,0,0,0,0,0,0
51275,スキル「チェンジカート」修得クエスト,0,0,0,0,0,0,0
51280,スキル「チェンジカート」修得クエスト,0,0,0,0,0,0,0
51320,スキル「カートレボリューション」修得クエスト,0,0,0,0,0,0,0
51325,スキル「カートレボリューション」修得クエスト,0,0,0,0,0,0,0
51330,スキル「カートレボリューション」修得クエスト,0,0,0,0,0,0,0
51335,スキル「カートレボリューション」修得クエスト,0,0,0,0,0,0,0

59345,魔王モロク討伐,0,0,0,0,0,0,0
59400,王位継承,0,0,0,0,0,0,0
59455,運命のカラス,0,0,0,0,0,0,0
59460,運命のカラス,0,0,0,0,0,0,0
69040,異世界,0,0,0,0,0,0,0
69050,駐屯地の人々,0,0,0,0,0,0,0
69055,会議のおとも,0,0,0,0,0,0,0
69060,生態研究,0,0,0,0,0,0,0
69065,魔王モロク追跡,0,0,0,0,0,0,0
69070,三ヶ国への報告書,0,0,0,0,0,0,0
69075,猫の手サービス,0,0,0,0,0,0,0
69080,小さな妖精,0,0,0,0,0,0,0
69085,木の巨人,0,0,0,0,0,0,0
69295,生態研究,0,0,0,0,0,0,0
69550,魔王モロク追跡,0,0,0,0,0,0,0
69555,魔王モロク追跡,0,0,0,0,0,0,0
69560,魔王モロク追跡,0,0,0,0,0,0,0
69555,魔王モロク追跡,0,0,0,0,0,0,0
69560,魔王モロク追跡,0,0,0,0,0,0,0
69565,魔王モロク追跡,0,0,0,0,0,0,0
69570,魔王モロク追跡,0,0,0,0,0,0,0
69575,魔王モロク追跡,0,0,0,0,0,0,0
69580,魔王モロク追跡,0,0,0,0,0,0,0
69805,三ヶ国への報告書,0,0,0,0,0,0,0
69810,三ヶ国への報告書,0,0,0,0,0,0,0
69815,三ヶ国への報告書,0,0,0,0,0,0,0
69820,三ヶ国への報告書,0,0,0,0,0,0,0
69825,三ヶ国への報告書,0,0,0,0,0,0,0
69830,三ヶ国への報告書,0,0,0,0,0,0,0
70115,会議のおとも,0,0,0,0,0,0,0
70120,会議のおとも,0,0,0,0,0,0,0
70125,会議のおとも,0,0,0,0,0,0,0
70130,会議のおとも,0,0,0,0,0,0,0
70135,会議のおとも,0,0,0,0,0,0,0
70140,会議のおとも,0,0,0,0,0,0,0
70145,会議のおとも,0,0,0,0,0,0,0
70150,会議のおとも,0,0,0,0,0,0,0
70155,会議のおとも,0,0,0,0,0,0,0
70160,会議のおとも,0,0,0,0,0,0,0
70165,会議のおとも,0,0,0,0,0,0,0
70170,会議のおとも,0,0,0,0,0,0,0
70175,会議のおとも,0,0,0,0,0,0,0
70180,会議のおとも,0,0,0,0,0,0,0

70300,アルベルタの少年,0,0,0,0,0,0,0
70305,アルベルタの少年,0,0,0,0,0,0,0
70310,アルベルタの少年,0,0,0,0,0,0,0

70350,知恵の王の指輪,0,0,0,0,0,0,0
70355,知恵の王の指輪（木の巨人の言葉）,0,0,0,0,0,0,0
70360,知恵の王の指輪（妖精の言葉）,0,0,0,0,0,0,0
70365,二つの種族,0,0,0,0,0,0,0
70366,異種族の調査,0,0,0,0,0,0,0
70367,リーンの依頼,0,0,0,0,0,0,0
70368,ドラコの卵,0,0,0,0,0,0,0
70369,ラフィネ族のヤイ,0,0,0,0,0,0,0
70370,アールブヘイムの香水,0,0,0,0,0,0,0
70371,マヌクのモンスター討伐,0,0,0,0,0,0,0
70372,ブラディウム,0,0,0,0,0,0,0
70373,ミッドガルド大陸の鉱石,0,0,0,0,0,0,0
70374,守護者,0,0,0,0,0,0,0

70400,二つの種族,0,0,0,0,0,0,0
70401,二つの種族,0,0,0,0,0,0,0
70402,二つの種族,0,0,0,0,0,0,0
70405,二つの種族,0,0,0,0,0,0,0
70410,二つの種族,0,0,0,0,0,0,0
70415,二つの種族,0,0,0,0,0,0,0
70420,二つの種族,0,0,0,0,0,0,0
70425,二つの種族,0,0,0,0,0,0,0
70430,二つの種族,0,0,0,0,0,0,0
70431,二つの種族,0,0,0,0,0,0,0
70435,二つの種族,0,0,0,0,0,0,0
70440,二つの種族,0,0,0,0,0,0,0

70550,ミッドガルド大陸の鉱石,0,0,0,0,0,0,0
70600,アールブヘイムの香水,0,0,0,0,0,0,0
70605,アールブヘイムの香水,0,0,0,0,0,0,0
70610,アールブヘイムの香水,0,0,0,0,0,0,0
70611,アールブヘイムの香水,0,0,0,0,0,0,0
70612,アールブヘイムの香水,0,0,0,0,0,0,0
70613,アールブヘイムの香水,0,0,0,0,0,0,0
70614,アールブヘイムの香水,0,0,0,0,0,0,0
70620,アールブヘイムの香水,0,0,0,0,0,0,0
70621,アールブヘイムの香水,0,0,0,0,0,0,0
70622,アールブヘイムの香水,0,0,0,0,0,0,0
70623,アールブヘイムの香水,0,0,0,0,0,0,0
70624,アールブヘイムの香水,0,0,0,0,0,0,0
70625,アールブヘイムの香水,0,0,0,0,0,0,0
70626,アールブヘイムの香水,0,0,0,0,0,0,0
70630,アールブヘイムの香水,0,0,0,0,0,0,0
70631,アールブヘイムの香水,0,0,0,0,0,0,0
70632,アールブヘイムの香水,0,0,0,0,0,0,0
70633,アールブヘイムの香水,0,0,0,0,0,0,0
70634,アールブヘイムの香水,0,0,0,0,0,0,0
70635,アールブヘイムの香水,0,0,0,0,0,0,0
70636,アールブヘイムの香水,0,0,0,0,0,0,0
70640,アールブヘイムの香水,0,0,0,0,0,0,0
70645,アールブヘイムの香水,0,0,0,0,0,0,0
70650,異種族の調査,0,0,0,0,0,0,0
70651,異種族の調査,0,0,0,0,0,0,0
70655,異種族の調査,0,0,0,0,0,0,0

70850,守護者クエスト,0,0,0,0,0,0,0
70855,守護者クエスト,0,0,0,0,0,0,0
70860,守護者クエスト,0,0,0,0,0,0,0
70865,守護者クエスト,0,0,0,0,0,0,0
70870,守護者クエスト,0,0,0,0,0,0,0
70875,守護者クエスト,0,0,0,0,0,0,0
70876,守護者クエスト,0,0,0,0,0,0,0
70880,守護者クエスト,0,0,0,0,0,0,0
70881,守護者クエスト,0,0,0,0,0,0,0
70885,守護者クエスト,0,0,0,0,0,0,0
70890,守護者クエスト,0,0,0,0,0,0,0
70891,守護者クエスト,0,0,0,0,0,0,0
70892,守護者クエスト,0,0,0,0,0,0,0
70893,守護者クエスト,0,0,0,0,0,0,0
70895,守護者クエスト,0,0,0,0,0,0,0
70896,守護者クエスト,0,0,0,0,0,0,0
70897,守護者クエスト,0,0,0,0,0,0,0
70898,守護者クエスト,0,0,0,0,0,0,0
70900,守護者クエスト,0,0,0,0,0,0,0
70905,守護者クエスト,0,0,0,0,0,0,0
70907,守護者クエスト,0,0,0,0,0,0,0
70910,守護者クエスト,0,0,0,0,0,0,0

70951,猫耳と尻尾の男,0,0,0,0,0,0,0
70952,エルディカスティス,0,0,0,0,0,0,0
70953,エルディカスティス,0,0,0,0,0,0,0
70954,猫耳と尻尾の男,0,0,0,0,0,0,0
70955,友達のために,0,0,0,0,0,0,0
70956,ディエルからの依頼,0,0,0,0,0,0,0
70957,文書クエスト,0,0,0,0,0,0,0

71005,ジャティ族の王冠,0,0,0,0,0,0,0
71010,ジャティ族の王冠,0,0,0,0,0,0,0
71015,ジャティ族の王冠,0,0,0,0,0,0,0
71020,ジャティ族の王冠,0,0,0,0,0,0,0
71025,ジャティ族の王冠,0,0,0,0,0,0,0
71030,ジャティ族の王冠,0,0,0,0,0,0,0
71035,古の短剣,0,0,0,0,0,0,0
71040,デワタの伝統酒,0,0,0,0,0,0,0

71700,猫達の定期集会,0,0,0,0,0,0,0
71705,猫達の定期集会,0,0,0,0,0,0,0
71710,猫達の定期集会,0,0,0,0,0,0,0
71715,猫達の定期集会,0,0,0,0,0,0,0
71720,猫達の定期集会,0,0,0,0,0,0,0
71725,猫達の定期集会,0,0,0,0,0,0,0
71750,ニャンキー団,0,0,0,0,0,0,0
71800,猫達の定期集会,0,0,0,0,0,0,0
71820,ニャンキー団,0,0,0,0,0,0,0

71835,暴窟王の洞窟生成,604800,0,0,0,0,0,0
//71840,暴窟王の洞窟生成,180,0,0,0,0,0,0
//71845,暴窟王の洞窟入場,10800,0,0,0,0,0,0

72250,スーパーノービス限界突破,0,0,0,0,0,0,0

72900,影狼・朧転職,0,0,0,0,0,0,0
72905,影狼・朧転職〜戦闘の試練〜,0,0,0,0,0,0,0

100056,受付員エーラ,0,0,0,0,0,0,0
100112,冒険者講習,0,0,0,0,0,0,0
100116,冒険者講習,0,0,0,0,0,0,0
100120,冒険者講習,0,0,0,0,0,0,0
100124,1次職への転職,0,0,0,0,0,0,0
100128,ルーンの依頼,0,0,0,0,0,0,0

100540,生態研究,0,2015,30,0,0,0,0
100545,生態研究,0,2016,10,0,0,0,0

106700,討伐クエスト,0,2024,200,0,0,0,0
106701,討伐クエスト,0,1864,200,0,0,0,0
106702,討伐クエスト,0,1219,200,0,0,0,0
106703,討伐クエスト,0,1777,200,0,0,0,0
106704,討伐クエスト,0,1867,150,0,0,0,0
106705,討伐クエスト,0,1098,150,0,0,0,0
106706,討伐クエスト,0,1736,150,0,0,0,0
106707,討伐クエスト,0,1735,150,0,0,0,0
106708,討伐クエスト,0,1752,150,0,0,0,0
106709,討伐クエスト,0,1753,150,0,0,0,0
106710,討伐クエスト,0,1702,150,0,0,0,0
106711,討伐クエスト,0,1700,150,0,0,0,0
106712,討伐クエスト,0,1701,150,0,0,0,0
106713,討伐クエスト,0,1703,150,0,0,0,0
106714,討伐クエスト,0,2016,150,0,0,0,0
106715,討伐クエスト,0,1918,100,0,0,0,0
106716,討伐クエスト,0,1920,100,0,0,0,0
106717,討伐クエスト,0,1919,100,0,0,0,0
106718,討伐クエスト,0,1638,100,0,0,0,0
106719,討伐クエスト,0,1639,100,0,0,0,0
106720,討伐クエスト,0,1870,100,0,0,0,0
106721,討伐クエスト,0,1833,100,0,0,0,0
106722,討伐クエスト,0,1769,100,0,0,0,0
106723,討伐クエスト,0,1770,100,0,0,0,0
106724,討伐クエスト,0,2020,100,0,0,0,0
106725,討伐クエスト,0,2021,100,0,0,0,0
106726,討伐クエスト,0,1704,100,0,0,0,0
106727,討伐クエスト,0,1705,100,0,0,0,0
106728,討伐クエスト,0,1707,100,0,0,0,0
106729,討伐クエスト,0,1706,100,0,0,0,0
106730,討伐クエスト,0,1831,50,0,0,0,0
//106731,討伐クエスト,0,0,0,0,0,0,0
106732,討伐クエスト,0,1634,50,0,0,0,0
106733,討伐クエスト,0,1198,50,0,0,0,0
106734,討伐クエスト,0,1637,50,0,0,0,0
106735,討伐クエスト,0,1635,50,0,0,0,0
106736,討伐クエスト,0,1636,50,0,0,0,0
106737,討伐クエスト,0,1921,50,0,0,0,0
106738,討伐クエスト,0,1755,50,0,0,0,0
106739,討伐クエスト,0,1754,50,0,0,0,0
106740,討伐クエスト,0,1640,1,0,0,0,0
106741,討伐クエスト,0,1644,1,0,0,0,0
106742,討伐クエスト,0,1645,1,0,0,0,0
106743,討伐クエスト,0,1643,1,0,0,0,0
106744,討伐クエスト,0,1641,1,0,0,0,0
106745,討伐クエスト,0,1642,1,0,0,0,0
106746,討伐クエスト,0,2024,400,0,0,0,0
106747,討伐クエスト,0,1864,400,0,0,0,0
106748,討伐クエスト,0,1219,400,0,0,0,0
106749,討伐クエスト,0,1777,400,0,0,0,0
106750,討伐クエスト,0,1867,300,0,0,0,0
106751,討伐クエスト,0,1098,300,0,0,0,0
106752,討伐クエスト,0,1736,300,0,0,0,0
106753,討伐クエスト,0,1735,300,0,0,0,0
106754,討伐クエスト,0,1752,300,0,0,0,0
106755,討伐クエスト,0,1753,300,0,0,0,0
106756,討伐クエスト,0,1702,300,0,0,0,0
106757,討伐クエスト,0,1700,300,0,0,0,0
106758,討伐クエスト,0,1701,300,0,0,0,0
106759,討伐クエスト,0,1703,300,0,0,0,0
106760,討伐クエスト,0,2016,300,0,0,0,0
106761,討伐クエスト,0,1918,200,0,0,0,0
106762,討伐クエスト,0,1920,200,0,0,0,0
106763,討伐クエスト,0,1919,200,0,0,0,0
106764,討伐クエスト,0,1638,200,0,0,0,0
106765,討伐クエスト,0,1639,200,0,0,0,0
106766,討伐クエスト,0,1870,200,0,0,0,0
106767,討伐クエスト,0,1833,200,0,0,0,0
106768,討伐クエスト,0,1769,200,0,0,0,0
106769,討伐クエスト,0,1770,200,0,0,0,0
106770,討伐クエスト,0,2020,200,0,0,0,0
106771,討伐クエスト,0,2021,200,0,0,0,0
106772,討伐クエスト,0,1704,200,0,0,0,0
106773,討伐クエスト,0,1705,200,0,0,0,0
106774,討伐クエスト,0,1707,200,0,0,0,0
106775,討伐クエスト,0,1706,200,0,0,0,0
106776,討伐クエスト,0,1831,100,0,0,0,0
//106777,討伐クエスト,0,0,0,0,0,0,0
106778,討伐クエスト,0,1634,100,0,0,0,0
106779,討伐クエスト,0,1198,100,0,0,0,0
106780,討伐クエスト,0,1637,100,0,0,0,0
106781,討伐クエスト,0,1635,100,0,0,0,0
106782,討伐クエスト,0,1636,100,0,0,0,0
106783,討伐クエスト,0,1921,100,0,0,0,0
106784,討伐クエスト,0,1755,100,0,0,0,0
106785,討伐クエスト,0,1754,100,0,0,0,0
106786,討伐クエスト,0,1640,3,0,0,0,0
106787,討伐クエスト,0,1644,3,0,0,0,0
106788,討伐クエスト,0,1645,3,0,0,0,0
106789,討伐クエスト,0,1643,3,0,0,0,0
106790,討伐クエスト,0,1641,3,0,0,0,0
106791,討伐クエスト,0,1642,3,0,0,0,0
106792,討伐クエスト,0,2024,600,0,0,0,0
106793,討伐クエスト,0,1864,600,0,0,0,0
106794,討伐クエスト,0,1219,600,0,0,0,0
106795,討伐クエスト,0,1777,600,0,0,0,0
106796,討伐クエスト,0,1867,450,0,0,0,0
106797,討伐クエスト,0,1098,450,0,0,0,0
106798,討伐クエスト,0,1736,450,0,0,0,0
106799,討伐クエスト,0,1735,450,0,0,0,0
106800,討伐クエスト,0,1752,450,0,0,0,0
106801,討伐クエスト,0,1753,450,0,0,0,0
106802,討伐クエスト,0,1702,450,0,0,0,0
106803,討伐クエスト,0,1700,450,0,0,0,0
106804,討伐クエスト,0,1701,450,0,0,0,0
106805,討伐クエスト,0,1703,450,0,0,0,0
106806,討伐クエスト,0,2016,450,0,0,0,0
106807,討伐クエスト,0,1918,300,0,0,0,0
106808,討伐クエスト,0,1920,300,0,0,0,0
106809,討伐クエスト,0,1919,300,0,0,0,0
106810,討伐クエスト,0,1638,300,0,0,0,0
106811,討伐クエスト,0,1639,300,0,0,0,0
106812,討伐クエスト,0,1870,300,0,0,0,0
106813,討伐クエスト,0,1833,300,0,0,0,0
106814,討伐クエスト,0,1769,300,0,0,0,0
106815,討伐クエスト,0,1770,300,0,0,0,0
106816,討伐クエスト,0,2020,300,0,0,0,0
106817,討伐クエスト,0,2021,300,0,0,0,0
106818,討伐クエスト,0,1704,300,0,0,0,0
106819,討伐クエスト,0,1705,300,0,0,0,0
106820,討伐クエスト,0,1707,300,0,0,0,0
106821,討伐クエスト,0,1706,300,0,0,0,0
106822,討伐クエスト,0,1831,150,0,0,0,0
//106823,討伐クエスト,0,0,0,0,0,0,0
106824,討伐クエスト,0,1634,150,0,0,0,0
106825,討伐クエスト,0,1198,150,0,0,0,0
106826,討伐クエスト,0,1637,150,0,0,0,0
106827,討伐クエスト,0,1635,150,0,0,0,0
106828,討伐クエスト,0,1636,150,0,0,0,0
106829,討伐クエスト,0,1921,150,0,0,0,0
106830,討伐クエスト,0,1755,150,0,0,0,0
106831,討伐クエスト,0,1754,150,0,0,0,0
106832,討伐クエスト,0,1640,5,0,0,0,0
106833,討伐クエスト,0,1644,5,0,0,0,0
106834,討伐クエスト,0,1645,5,0,0,0,0
106835,討伐クエスト,0,1643,5,0,0,0,0
106836,討伐クエスト,0,1641,5,0,0,0,0
106837,討伐クエスト,0,1642,5,0,0,0,0

106850,討伐クエスト,0,1882,250,0,0,0,0
106851,討伐クエスト,0,1883,250,0,0,0,0
106852,討伐クエスト,0,1163,250,0,0,0,0
106853,討伐クエスト,0,1775,250,0,0,0,0
106854,討伐クエスト,0,1206,200,0,0,0,0
106855,討伐クエスト,0,1773,200,0,0,0,0
106856,討伐クエスト,0,2015,200,0,0,0,0
106857,討伐クエスト,0,1193,200,0,0,0,0
106858,討伐クエスト,0,1699,200,0,0,0,0
106859,討伐クエスト,0,1320,200,0,0,0,0
106860,討伐クエスト,0,1884,200,0,0,0,0
106861,討伐クエスト,0,2069,200,0,0,0,0
106862,討伐クエスト,0,2070,200,0,0,0,0
106863,討伐クエスト,0,1148,200,0,0,0,0
106864,討伐クエスト,0,1993,150,0,0,0,0
106865,討伐クエスト,0,1992,150,0,0,0,0
106866,討伐クエスト,0,1837,150,0,0,0,0
106867,討伐クエスト,0,1310,150,0,0,0,0
106868,討伐クエスト,0,1716,150,0,0,0,0
106869,討伐クエスト,0,1713,150,0,0,0,0
106870,討伐クエスト,0,1698,150,0,0,0,0
106871,討伐クエスト,0,1295,150,0,0,0,0
106872,討伐クエスト,0,1401,150,0,0,0,0
106873,討伐クエスト,0,1405,150,0,0,0,0
106874,討伐クエスト,0,2071,150,0,0,0,0
106875,討伐クエスト,0,1882,500,0,0,0,0
106876,討伐クエスト,0,1883,500,0,0,0,0
106877,討伐クエスト,0,1163,500,0,0,0,0
106878,討伐クエスト,0,1775,500,0,0,0,0
106879,討伐クエスト,0,1206,400,0,0,0,0
106880,討伐クエスト,0,1773,400,0,0,0,0
106881,討伐クエスト,0,2015,400,0,0,0,0
106882,討伐クエスト,0,1193,400,0,0,0,0
106883,討伐クエスト,0,1699,400,0,0,0,0
106884,討伐クエスト,0,1320,400,0,0,0,0
106885,討伐クエスト,0,1884,400,0,0,0,0
106886,討伐クエスト,0,2069,400,0,0,0,0
106887,討伐クエスト,0,2070,400,0,0,0,0
106888,討伐クエスト,0,1148,400,0,0,0,0
106889,討伐クエスト,0,1993,300,0,0,0,0
106890,討伐クエスト,0,1992,300,0,0,0,0
106891,討伐クエスト,0,1837,300,0,0,0,0
106892,討伐クエスト,0,1310,300,0,0,0,0
106893,討伐クエスト,0,1716,300,0,0,0,0
106894,討伐クエスト,0,1713,300,0,0,0,0
106895,討伐クエスト,0,1698,300,0,0,0,0
106896,討伐クエスト,0,1295,300,0,0,0,0
106897,討伐クエスト,0,1401,300,0,0,0,0
106898,討伐クエスト,0,1405,300,0,0,0,0
106899,討伐クエスト,0,2071,300,0,0,0,0
106900,討伐クエスト,0,1993,450,0,0,0,0
106901,討伐クエスト,0,1992,450,0,0,0,0
106902,討伐クエスト,0,1837,450,0,0,0,0
106903,討伐クエスト,0,1310,450,0,0,0,0
106904,討伐クエスト,0,1716,450,0,0,0,0
106905,討伐クエスト,0,1713,450,0,0,0,0
106906,討伐クエスト,0,1698,450,0,0,0,0
106907,討伐クエスト,0,1295,450,0,0,0,0
106908,討伐クエスト,0,1401,450,0,0,0,0
106909,討伐クエスト,0,1405,450,0,0,0,0
106910,討伐クエスト,0,2071,450,0,0,0,0
106911,討伐クエスト,0,1365,200,0,0,0,0
106912,討伐クエスト,0,1986,200,0,0,0,0
106913,討伐クエスト,0,1987,150,0,0,0,0
106914,討伐クエスト,0,2092,150,0,0,0,0
106915,討伐クエスト,0,1638,50,0,0,0,0
106916,討伐クエスト,0,1639,50,0,0,0,0
106917,討伐クエスト,0,1365,400,0,0,0,0
106918,討伐クエスト,0,1986,400,0,0,0,0
106919,討伐クエスト,0,1987,300,0,0,0,0
106920,討伐クエスト,0,2092,300,0,0,0,0
106921,討伐クエスト,0,1638,100,0,0,0,0
106922,討伐クエスト,0,1639,100,0,0,0,0
106923,討伐クエスト,0,1365,600,0,0,0,0
106924,討伐クエスト,0,1986,600,0,0,0,0
106925,討伐クエスト,0,1987,450,0,0,0,0
106926,討伐クエスト,0,2092,450,0,0,0,0
106927,討伐クエスト,0,1638,150,0,0,0,0
106928,討伐クエスト,0,1639,150,0,0,0,0

200840,異世界,0,0,0,0,0,0,0
200845,生態研究,0,0,0,0,0,0,0
200850,小さな妖精,0,0,0,0,0,0,0
200855,木の巨人,0,0,0,0,0,0,0
200860,会議のおとも,0,0,0,0,0,0,0
200865,駐屯地の人々,0,0,0,0,0,0,0
200870,魔王モロク追跡,0,0,0,0,0,0,0
200875,三ヶ国への報告書,0,0,0,0,0,0,0
200880,アルベルタの少年,0,0,0,0,0,0,0
200885,知恵の王の指輪,0,0,0,0,0,0,0
200890,二つの種族,0,0,0,0,0,0,0
200895,マヌクのモンスター討伐,0,0,0,0,0,0,0
200900,リーンの依頼,0,0,0,0,0,0,0
200920,守護者クエスト,0,0,0,0,0,0,0

200935,ガラナクエスト,0,0,0,0,0,0,0
200940,幸運の睡蓮クエスト,0,0,0,0,0,0,0
200945,トイレのオバケクエスト,0,0,0,0,0,0,0

201036,冒険者サポーター,0,0,0,0,0,0,0
201040,冒険者アカデミー入学,0,0,0,0,0,0,0
201045,冒険者講習,0,0,0,0,0,0,0

201180,ルーンナイト転職,0,0,0,0,0,0,0
201185,ウォーロック転職,0,0,0,0,0,0,0
201190,レンジャー転職,0,0,0,0,0,0,0
201195,アークビショップ転職,0,0,0,0,0,0,0
201200,ギロチンクロス転職,0,0,0,0,0,0,0
201205,メカニック転職,0,0,0,0,0,0,0
201210,ロイヤルガード転職,0,0,0,0,0,0,0
201215,ソーサラー転職,0,0,0,0,0,0,0
201220,ミンストレル転職,0,0,0,0,0,0,0
201225,ワンダラー転職,0,0,0,0,0,0,0
201230,修羅転職,0,0,0,0,0,0,0
201235,シャドウチェイサー転職,0,0,0,0,0,0,0
201240,ジェネティック転職,0,0,0,0,0,0,0

201250,友達のために,0,0,0,0,0,0,0
201260,エルディカスティス,0,0,0,0,0,0,0
201265,猫耳と尻尾の男,0,0,0,0,0,0,0

201285,ジャティ族の王冠,0,0,0,0,0,0,0
201290,デワタの伝統酒,0,0,0,0,0,0,0
201295,古の短剣,0,0,0,0,0,0,0

201435,ニャンキー団,0,0,0,0,0,0,0

201475,スーパーノービス限界突破,0,0,0,0,0,0,0

//201550,影狼・朧転職,0,0,0,0,0,0,0
201650,影狼転職,0,0,0,0,0,0,0
201655,朧転職,0,0,0,0,0,0,0
