//skill_cast_db.txt＠AthenaDB計画 2005/04/14 00:00:00 +0900 (JST),0,,0,,
//id,cast_list,fixed_cast_list,delay_list,upkeep_time,upkeep_time2

6,0,0,0,30000,0	//SM_PROVOKE#プロボック#
7,0,0,2000,10000,0	//SM_MAGNUM#マグナムブレイク#
8,0,0,0,10000:13000:16000:19000:22000:25000:28000:31000:34000:37000,0	//SM_ENDURE#インデュア#

10,0,0,0,9000,0	//MG_SIGHT#サイト#
11,500,0,1000:1000:1000:900:900:800:800:700:600:500,0,0	//MG_NAPALMBEAT#ナパームビート#
12,4000:3500:3000:2500:2000:1500:1000:1000:1000:1000,0,0,5000:10000:15000:20000:25000:30000:35000:40000:45000:50000,0	//MG_SAFETYWALL#セイフティウォール#
13,500,0,1200:1000:1400:1200:1600:1400:1800:1600:2000:1800,0,0	//MG_SOULSTRIKE#ソウルストライク#
14,700:1400:2100:2800:3500:4200:4900:5600:6300:7000,0,1000:1200:1400:1600:1800:2000:2200:2400:2600:2800,0,0	//MG_COLDBOLT#コールドボルト#
15,800,0,1500,0,3000:6000:9000:12000:15000:18000:21000:24000:27000:30000	//MG_FROSTDIVER#フロストダイバー#
16,1000,0,0,0,20000	//MG_STONECURSE#ストーンカース#
17,1500:1500:1500:1500:1500:1000:1000:1000:1000:1000,0,1500:1500:1500:1500:1500:1000:1000:1000:1000:1000,0,0	//MG_FIREBALL#ファイアーボール#
18,2000:1850:1700:1550:1400:1250:1100:950:800:650,0,0,5000:6000:7000:8000:9000:10000:11000:12000:13000:14000,0	//MG_FIREWALL#ファイアーウォール#
19,700:1400:2100:2800:3500:4200:4900:5600:6300:7000,0,1000:1200:1400:1600:1800:2000:2200:2400:2600:2800,0,0	//MG_FIREBOLT#ファイアーボルト#
20,700:1400:2100:2800:3500:4200:4900:5600:6300:7000,0,1000:1200:1400:1600:1800:2000:2200:2400:2600:2800,0,0	//MG_LIGHTNINGBOLT#ライトニングボルト#
21,1000:2000:3000:4000:5000:6000:7000:8000:9000:10000,0,2000,500,0	//MG_THUNDERSTORM#サンダーストーム#

24,0,0,0,10000,0	//AL_RUWACH#ルアフ#
25,0,0,0,10000,0	//AL_PNEUMA#ニューマ#
26,0,0,0,0,0	//AL_TELEPORT#テレポート#
27,1000,0,0,10000:15000:20000:25000:30000:35000:40000:45000:50000:55000,0	//AL_WARP#ワープポータル#
28,0,0,1000,0,0	//AL_HEAL#ヒール#
29,1000,0,1000,60000:80000:100000:120000:140000:160000:180000:200000:220000:240000,0	//AL_INCAGI#速度増加#
30,1000,0,1000,40000:50000:60000:70000:80000:90000:100000:110000:120000:130000,0	//AL_DECAGI#速度減少#
31,1000,0,500,0,0	//AL_HOLYWATER#アクアベネディクタ#
32,500,0,2000,0,0	//AL_CRUCIS#シグナムクルシス#
33,500,0,3500,30000:60000:90000:120000:150000:180000:210000:240000:270000:300000,0	//AL_ANGELUS#エンジェラス#
34,0,0,0,60000:80000:100000:120000:140000:160000:180000:200000:220000:240000,0	//AL_BLESSING#ブレッシング#
35,0,0,1000,0,0	//AL_CURE#キュアー#

45,0,0,0,60000:80000:100000:120000:140000:160000:180000:200000:220000:240000,0	//AC_CONCENTRATION#集中力向上#
46,0,0,100,2000,0//AC_DOUBLE#ダブルストレイフィング#
47,0,0,100,0,0//AC_DOUBLE#アローシャワー#

51,0,0,0,30000:60000:90000:120000:150000:180000:210000:240000:270000:300000,0	//TF_HIDING#ハイディング#
52,0,0,0,0,15000:20000:25000:30000:35000:40000:45000:50000:55000:60000	//TF_POISON#インベナム#

54,6000:4000:2000:0,0,0:1000:2000:3000,0,0	//ALL_RESURRECTION#リザレクション#

57,700,0,700,0,0	//KN_BRANDISHSPEAR#ブランディッシュスピア#

59,0,0,1000,0,0	//KN_SPEARBOOMERANG#スピアブーメラン#
60,0,0,0,30000:60000:90000:120000:150000:180000:210000:240000:270000:300000,0	//KN_TWOHANDQUICKEN#ツーハンドクイッケン#
61,0,0,0,400:800:1200:1600:2000,0	//KN_AUTOCOUNTER#オートカウンター#
62,700,0,1000,0,0	//KN_BOWLINGBASH#ボウリングバッシュ#

66,0,0,3000,60000,0	//PR_IMPOSITIO#イムポシティオマヌス#
67,0,0,2000,30000:20000:10000,0	//PR_SUFFRAGIUM#サフラギウム#
68,0,0,2000,60000:90000:120000:150000:180000,0	//PR_ASPERSIO#アスペルシオ#
69,0,0,0,40000:80000:120000:160000:200000,0	//PR_BENEDICTIO#聖体降福#
70,5000,0,0,4000:7000:10000:13000:16000:19000:22000:25000:28000:31000,0	//PR_SANCTUARY#サンクチュアリ#
71,0,0,0,10000:20000:30000:40000,0	//PR_SLOWPOISON#スローポイズン#
72,0,0,2000,0,0	//PR_STRECOVERY#リカバリー#
73,2000,0,2000,120000,0	//PR_KYRIE#キリエエレイソン#
74,4000,0,2000,30000:45000:60000:75000:90000,0	//PR_MAGNIFICAT#マグニフィカート#
75,0,0,2000,10000:15000:20000:25000:30000:,0	//PR_GLORIA#グロリア#
76,0,0,3000,30000:35000:40000:45000:50000:55000:60000:60000:60000:60000,0	//PR_LEXDIVINA#レックスディビーナ#
77,1000,0,3000,0,0	//PR_TURNUNDEAD#ターンアンデッド#
78,0,0,3000,600000,0	//PR_LEXAETERNA#レックスエーテルナ#
79,15000,0,4000,5000:6000:7000:8000:9000:10000:11000:12000:13000:14000,0	//PR_MAGNUS#マグヌスエクソシズム#
80,3000:2700:2400:2100:1800:1500:1200:900:600:300,0,1000,30000,0	//WZ_FIREPILLAR#ファイアーピラー#
81,700,0,2000,500,0	//WZ_SIGHTRASHER#サイトラッシャー#

83,15000,0,2500:3000:3500:4000:4500:5000:5500:6000:6500:7000,500,10000	//WZ_METEOR#メテオストーム#
84,2500:3000:3500:4000:4500:5000:5500:6000:6500:7000,0,0,0,0	//WZ_JUPITEL#ユピテルサンダー#
85,15000:14500:14000:13500:13000:12500:12000:11500:11000:10500,0,5000,4100,14000	//WZ_VERMILION#ロードオブヴァーミリオン#
86,1000:2000:3000:4000:5000,0,0,0,0	//WZ_WATERBALL#ウォーターボール#
87,0,0,0,8000:12000:16000:20000:24000:28000:32000:36000:40000:44000,0	//WZ_ICEWALL#アイスウォール#
88,6000:6000:5500:5500:5000:5000:4500:4500:4000:4000,0,1000,500,1500:3000:4500:6000:7500:9000:10500:12000:13500:15000	//WZ_FROSTNOVA#フロストノヴァ#
89,6000:7000:8000:9000:10000:11000:12000:13000:14000:15000,0,5000,4600,10000:11000:12000:13000:14000:15000:16000:17000:18000:19000	//WZ_STORMGUST#ストームガスト#
90,700:1400:2100:2800:3500,0,1000:1200:1400:1600:1800,0,0	//WZ_EARTHSPIKE#アーススパイク#
91,1000:2000:3000:4000:5000,0,1000,500,0	//WZ_HEAVENDRIVE#ヘヴンズドライブ#
92,0,0,1000,5000:10000:15000:20000:25000,5000:10000:15000:20000:25000	//WZ_QUAGMIRE#クァグマイア#

108,4000,0,0,0,0	//BS_REPAIRWEAPON#武器修理#

110,0,0,0,1200,6000:7000:8000:9000:10000:11000	//BS_HAMMERFALL#ハンマーフォール#
111,0,0,0,30000:60000:90000:120000:150000,0	//BS_ADRENALINE#アドレナリンラッシュ#
112,0,0,0,10000:20000:30000:40000:50000,0	//BS_WEAPONPERFECT#ウェポンパーフェクション#
113,0,0,0,20000:40000:60000:80000:100000,0	//BS_OVERTHRUST#オーバートラスト#
114,0,0,0,1000:2000:3000:4000:5000,0	//BS_MAXIMIZE#マキシマイズパワー#
115,0,0,0,300000:240000:180000:120000:60000,0	//HT_SKIDTRAP#スキッドトラップ#
116,0,0,0,20000:160000:120000:80000:40000,6000:7000:8000:9000:10000:11000	//HT_LANDMINE#ランドマイン#
117,0,0,0,250000:200000:150000:100000:50000,4000:8000:12000:16000:20000	//HT_ANKLESNARE#アンクルスネア#
118,0,0,0,200000:160000:120000:80000:40000,0	//HT_SHOCKWAVE#ショックウェーブトラップ#
119,0,0,0,150000:120000:90000:60000:30000,12000:14000:16000:18000:20000	//HT_SANDMAN#サンドマン#
120,0,0,0,150000:120000:90000:60000:30000,10000:11000:12000:13000:14000	//HT_FLASHER#フラッシャー#
121,0,0,0,150000:120000:90000:60000:30000,3000:6000:9000:12000:15000	//HT_FREEZINGTRAP#フリージングトラップ#
122,0,0,0,10000:8000:6000:4000:2000,0	//HT_BLASTMINE#ブラストマイン#
123,0,0,0,20000:40000:60000:80000:100000,0	//HT_CLAYMORETRAP#クレイモアトラップ#

125,0,0,0,600000,0	//HT_TALKIEBOX#トーキーボックス#

129,1000,0,1000,0,0	//HT_BLITZBEAT#ブリッツビート#
130,0,0,0,9000,0	//HT_DETECTING#ディテクティング#

135,0,0,0,500:1000:2000:3000:4000:5000:6000:7000:8000:9000,0	//AS_CLOAKING#クローキング#
136,0,0,2000,0,6000:7000:8000:9000:10000:11000:12000:13000:14000:15000	//AS_SONICBLOW#ソニックブロー#

138,0,0,0,30000:45000:60000:75000:90000:105000:120000:135000:150000:165000,0	//AS_ENCHANTPOISON#エンチャントポイズン#
139,0,0,0,20000:25000:30000:35000:40000:45000:50000:55000:60000:60000,0	//AS_POISONREACT#ポイズンリアクト#
140,0,0,0,5000:10000:15000:20000:25000:30000:35000:40000:45000:50000,15000:20000:25000:30000:35000:40000:45000:50000:55000:60000	//AS_VENOMDUST#ベナムダスト#
141,1000,0,0,5000:5500:6000:6500:7000:7500:8000:8500:9000:9500,15000:20000:25000:30000:35000:40000:45000:50000:55000:60000	//AS_SPLASHER#ベナムスプラッシャー#

143,0,0,0,600000,0	//NV_TRICKDEAD#死んだふり#

145,0,0,0,0,8000	//SM_FATALBLOW#急所攻撃#

148,1500,0,0,0,0	//AC_CHARGEARROW#チャージアロー#
149,0,0,0,0,10000	//TF_SPRINKLESAND#砂まき#

151,500,0,0,0,0	//TF_THROWSTONE#石拾い#
152,0,0,0,0,8000	//TF_THROWSTONE#石投げ#

155,0,0,0,300000,0	//MC_LOUD#ラウドボイス#
156,2000,0,0,0,0	//AL_HOLYLIGHT#ホーリーライト#
157,5000,0,0,300000,0	//MG_ENERGYCOAT#エナジーコート#

//持続時間はPCのみ有効 時間は聖体降福参考
161,3000,0,0,40000:80000:120000:160000:200000:240000:280000:320000:360000:400000,0	//NPC_ATTRICHANGE#ランダム属性変化#
162,3000,0,0,40000:80000:120000:160000:200000:240000:280000:320000:360000:400000,0	//NPC_CHANGEWATER#水属性変化#
163,3000,0,0,40000:80000:120000:160000:200000:240000:280000:320000:360000:400000,0	//NPC_CHANGEGROUND#地属性変化#
164,3000,0,0,40000:80000:120000:160000:200000:240000:280000:320000:360000:400000,0	//NPC_CHANGEFIRE#火属性変化#
165,3000,0,0,40000:80000:120000:160000:200000:240000:280000:320000:360000:400000,0	//NPC_CHANGEWIND#風属性変化#
166,3000,0,0,40000:80000:120000:160000:200000:240000:280000:320000:360000:400000,0	//NPC_CHANGEPOISON#毒属性変化#
167,3000,0,0,40000:80000:120000:160000:200000:240000:280000:320000:360000:400000,0	//NPC_CHANGEHOLY#聖属性変化#
168,3000,0,0,40000:80000:120000:160000:200000:240000:280000:320000:360000:400000,0	//NPC_CHANGETELEKINESIS#念属性変化#
169,3000,0,0,40000:80000:120000:160000:200000:240000:280000:320000:360000:400000,0	//NPC_CHANGEDARLNESS#闇属性変化#

173,2000,0,0,2000,0	//NPC_SELFDESTRUCTION#自爆#

176,0,0,0,0,15000:20000:25000:30000:35000:40000:45000:50000:55000:60000	//NPC_POISON#毒攻撃#
177,0,0,0,0,10000:11000:12000:13000:14000:15000:16000:17000:18000:19000	//NPC_BLINDATTACK#暗闇攻撃#
178,0,0,0,0,10000:12000:14000:16000:18000:20000:22000:24000:26000:28000	//NPC_SILENCEATTACK#沈黙攻撃#
//179,0,0,0,0,6000:7000:8000:9000:10000:11000:12000:13000:14000:15000	//NPC_STUNATTACK#スタン攻撃#
179,0,0,0,0,3000	//NPC_STUNATTACK#スタン攻撃#
180,0,0,0,0,10000:11000:12000:13000:14000:15000:16000:17000:18000:19000	//NPC_PETRIFYATTACK#石化攻撃#
181,0,0,0,0,15000:20000:25000:30000:35000:40000:45000:50000:55000:60000	//NPC_CURSEATTACK#呪い攻撃#
182,0,0,0,0,8000:10000:12000:14000:16000:18000:20000:22000:24000:26000	//NPC_SLEEPATTACK#睡眠攻撃#

201,0,0,0,60000:70000:80000:90000:100000:110000:120000:130000:140000:150000,0	//NPC_KEEPING#キーピング#

204,0,0,0,60000:70000:80000:90000:100000:110000:120000:130000:140000:150000,0	//NPC_BARRIER#バリアー#

206,0,0,0,0,6000:7000:8000:9000:10000:11000:12000:13000:14000:15000	//NPC_LICK#リック#
207,0,0,0,30000:40000:50000:60000:70000:80000:90000:100000:110000:120000,0	//NPC_HALLUCINATION#錯覚#

212,0,0,500,0,0	//RG_BACKSTAP#バックスタブ#

214,0,0,0,0,8000:9000:10000:11000:12000	//RG_RAID#サプライズアタック#
215,1000,0,1000,75000:90000:105000:120000:135000,0	//RG_STRIPWEAPON#ストリップウェポン#
216,1000,0,1000,75000:90000:105000:120000:135000,0	//RG_STRIPSHIELD#ストリップシールド#
217,1000,0,1000,75000:90000:105000:120000:135000,0	//RG_STRIPARMOR#ストリップアーマー#
218,1000,0,1000,75000:90000:105000:120000:135000,0	//RG_STRIPHELM#ストリップヘルム#

220,0,0,0,180000,0	//RG_GRAFFITI#グラフィティ#

229,1000,0,0,40000:45000:50000:55000:60000,0	//AM_DEMONSTRATION#デモンストレーション#
230,1000,0,0,3:7:10:12:13,90000	//AM_ACIDTERROR#アシッドテラー#

232,2000,0,500,300000:240000:180000:120000:60000,0	//AM_CANNIBALIZE#バイオプラント#
233,2000,0,500,30000,0	//AM_SPHEREMINE#スフィアーマイン#
234,2000,0,0,120000:240000:360000:480000:600000,0	//AM_CP_WEAPON#ケミカルウェポンチャージ#
235,2000,0,0,120000:240000:360000:480000:600000,0	//AM_CP_SHIELD#ケミカルシールドチャージ#
236,2000,0,0,120000:240000:360000:480000:600000,0	//AM_CP_ARMOR#ケミカルアーマーチャージ#
237,2000,0,0,120000:240000:360000:480000:600000,0	//AM_CP_HELM#ケミカルヘルムチャージ#

247,3000,0,0,0,0	//AM_RESURRECTHOMUN#リザレクションホムンクルス#

249,0,0,0,300000,0	//CR_AUTOGUARD#オートガード#
250,0,0,0,0,8000:9000:10000:11000:12000	//CR_SHIELDCHARGE#シールドチャージ#
251,0,0,700,0,0	//CR_SHIELDBOOMERANG#シールドブーメラン#
252,0,0,0,300000,0	//CR_REFLECTSHIELD#リフレクトシールド#
253,0,0,0,0,10000:11000:12000:13000:14000:15000:16000:17000:18000:19000	//CR_HOLYCROSS#ホーリークロス#
254,3000,0,1500,800,10000:11000:12000:13000:14000:15000:16000:17000:18000:19000	//CR_GRANDCROSS#グランドクロス#
255,3000,0,0,30000:45000:60000:75000:90000,0	//CR_DEVOTION#ディボーション#
256,3000,0,0,180000,0	//CR_PROVIDENCE#プロヴィデンス#
257,0,0,800,180000,0	//CR_DEFENDER#ディフェンダー#
258,0,0,0,30000:60000:90000:120000:150000:180000:210000:240000:270000:300000,0	//CR_SPEARQUICKEN#スピアクイッケン#

261,1500,0,0,600000,0	//MO_CALLSPIRITS#気功#
262,2000,0,0,0,0	//MO_ABSORBSPIRITS#気奪#

266,1000,0,500,0,0	//MO_INVESTIGATE#発勁#
267,1000,0,500,0,0	//MO_FINGEROFFENSIVE#指弾#
268,5000,0,0,30000:60000:90000:120000:150000,0	//MO_STEELBODY#金剛#
269,0,0,0,500:700:900:1100:1300,20000:30000:40000:50000:60000	//MO_BLADESTOP#白刃取り#
270,0,0,0,180000,0	//MO_EXPLOSIONSPIRITS#爆裂波動#
271,4000:3500:3000:2500:2000,0,3000:2500:2000:1500:1000,0,300000	//MO_EXTREMITYFIST#阿修羅覇凰拳#

276,0,0,1500,400:600:800:1000:1200,0	//SA_MAGICROD#マジックロッド#
277,700,0,0,0,0	//SA_SPELLBREAKER#スペルブレイカー#

279,3000,0,0,120000:150000:180000:210000:240000:270000:300000:360000:390000,0	//SA_AUTOSPELL#オートスペル#
280,3000,0,0,1200000:1200000:1200000:1200000:1800000,0	//SA_FLAMELAUNCHER#フレイムランチャー#
281,3000,0,0,1200000:1200000:1200000:1200000:1800000,0	//SA_FROSTWEAPON#フロストウェポン#
282,3000,0,0,1200000:1200000:1200000:1200000:1800000,0	//SA_LIGHTNINGLOADER#ライトニングローダー#
283,3000,0,0,1200000:1200000:1200000:1200000:1800000,0	//SA_SEISMICWEAPON#サイズミックウェポン#

285,5000,0,0,180000,180000	//SA_VOLCANO#ボルケーノ#
286,5000,0,0,180000,180000	//SA_DELUGE#デリュージ#
287,5000,0,0,180000,180000	//SA_VIOLENTGALE#バイオレントゲイル#
288,5000,0,0,180000,180000	//SA_LANDPROTECTOR#ランドプロテクター#
289,2000,0,0,0,0	//SA_DISPELL#ディスペル#
294,0,0,0,120000,0	//SA_REVERSEORCISH#リバースオーキッシュ#
304,0,0,0,0,5000	//BD_ADAPTATION#アドリブ#

306,0,0,0,60000,15000	//BD_LULLABY#子守歌#
307,0,0,0,60000,60000	//BD_RICHMANKIM#ニヨルドの宴#
308,0,0,0,60000,60000	//BD_ETERNALCHAOS#永遠の混沌#
309,0,0,0,60000,60000	//BD_DRUMBATTLEFIELD#戦太鼓の響き#
310,0,0,0,60000,60000	//BD_RINGNIBELUNGEN#ニーベルングの指輪#
311,0,0,0,60000,60000	//BD_ROKISWEIL#ロキの叫び#
312,0,0,0,60000,60000	//BD_INTOABYSS#深淵の中に#
313,0,0,0,60000,60000	//BD_SIEGFRIED#不死身のジークフリード#

316,1500,0,0,0,0	//BA_MUSICALSTRIKE#ミュージカルストライク#
317,0,0,0,30000,3000	//BA_DISSONANCE#不協和音#
318,0,0,3000,0,10000:11000:12000:13000:14000	//BA_FROSTJOKE#寒いジョーク#
319,0,0,0,60000,60000	//BA_WHISTLE#口笛#
320,0,0,0,120000,120000	//BA_ASSASSINCROSS#夕陽のアサシンクロス#
321,0,0,0,180000,180000	//BA_POEMBRAGI#ブラギの詩#
322,0,0,0,180000,180000	//BA_APPLEIDUN#イドゥンの林檎#

324,1500,0,0,0,0	//DC_THROWARROW#矢撃ち#
325,0,0,0,30000,3000	//DC_UGLYDANCE#自分勝手なダンス#
326,0,0,3000,0,3000	//DC_SCREAM#スクリーム#
//326,0,0,3000,0,10000:11000:12000:13000:14000	//DC_SCREAM#スクリーム#
327,0,0,0,60000,60000	//DC_HUMMING#ハミング#
328,0,0,0,180000,180000	//DC_DONTFORGETME#私を忘れないで…#
329,0,0,0,120000,120000	//DC_FORTUNEKISS#幸運のキス#
330,0,0,0,180000,180000	//DC_SERVICEFORYOU#サービスフォーユー#
331,3500,0,0,3500,0	//NPC_SELFDESTRUCTION2#自爆2#

334,3000,0,0,0,0	//WE_MALE#君だけは護るよ#
335,3000,0,0,0,0	//WE_FEMALE#あなたに尽くします#
336,0,0,0,13000,0	//WE_CALLPARTNER#あなたに逢いたい#

339,3000,0,1500,800,10000:11000:12000:13000:14000:15000:16000:17000:18000:19000	//NPC_DARKGRANDCROSS#グランドダークネス#
342,0,0,0,10000,0//NPC_HOLDWEB#ホールドウェブ#
349,0,0,0,30000,0	//NPC_EXPLOSIONSPIRITS#ラッシュアタック#
350,0,0,1000,10000:20000:30000:40000:50000,0	//NPC_INCREASEFLEE#速度強化#
351,0,0,0,1800000,0	//NPC_ELEMENTUNDEAD#不死属性付与#
352,0,0,0,10000:20000:30000:40000:50000:60000:70000:80000:90000:100000,0	//NPC_INVISIBLE#インビジブル#

355,0,0,0,40000:60000:80000:100000:120000,0	//LK_AURABLADE#オーラブレード#
356,0,0,0,15000:20000:25000:30000:35000:40000:45000:50000:55000:60000,0	//LK_PARRYING#パリイング#
357,0,0,0,25000:30000:35000:40000:45000,0	//LK_CONCENTRATION#コンセントレーション#
358,0,0,0,180000,0	//LK_TENSIONRELAX#テンションリラックス#

361,1000:1500:2000:2500:3000,0,1100:1200:1300:1400:1500,20000:40000:60000:80000:100000,0	//HP_ASSUMPTIO#アスムプティオ#
362,5000:6000:7000:8000:9000,0,2000:3000:4000:5000:6000,20000:25000:30000:35000:40000,0	//HP_BASILICA#バジリカ#

365,300,0,300,0,0	//HW_MAGICCRASHER#マジッククラッシャー#
366,0,700,0,400000,0	//HW_MAGICPOWER#魔法力増幅#
367,2000:2500:3000:3500:4000,0,2000:2500:3000:3500:4000,0,0	//PA_PRESSURE#プレッシャー#
368,0,0,0,400000,0	//PA_SACRIFICE#サクリファイス#
369,0,0,0,60000,20000	//PA_GOSPEL#ゴスペル#
370,0,0,300,0,0	//CH_PALMSTRIKE#猛虎硬派山#
371,0,0,0,0,2000:4000:6000:8000:10000	//CH_TIGERFIST#伏虎拳#
372,0,0,800:800:800:800:800:1000:1000:1000:1000:1000,0,0	//CH_CHAINCRUSH#連柱崩撃#

373,0,0,1000:1200:1400:1600:1800,0,0	//PF_HPCONVERSION#生命力変換#
374,3000,0,5000,0,0	//PF_SOULCHANGE#ソウルチェンジ#
375,0,0,0,0,10000:10000:10000:10000:15000	//PF_SOULBURN#ソウルバーン#

378,0,0,2000,40000:45000:50000:55000:60000,40000:45000:50000:55000:60000	//ASC_EDP#エンチャントデッドリーポイズン#
379,500,0,1000:1200:1400:1600:1800:2000:2200:2400:2600:2800,0,0	//ASC_BREAKER#ソウルブレイカー#

380,0,0,0,30000,0	//SN_SIGHT#トゥルーサイト#
381,1000,0,3000,0,0	//SN_FALCONAASAULT#ファルコンアサルト#
382,2000,0,1500,0,0	//SN_SHARPSHOOTING#シャープシューティング#
383,2000:2400:2800:3200:3600:4000:4400:4800:5200:5600,0,2000,130000:160000:190000:220000:250000:280000:310000:340000:370000:400000,0	//SN_WINDWALK#ウインドウォーク#
384,0,0,5000:5000:6000:6000:7000:7000:8000:8000:9000:10000,15000:20000:25000:30000:35000:40000:45000:50000:55000:60000,120000	//WS_MELTDOWN#メルトダウン#

387,0,0,0,60000,0	//WS_CARTBOOST#カートブースト#
389,1000,0,0,10000,0 //ST_CHASEWALK#チェイスウォーク#
390,0,0,0,300000,0	//ST_REJECTSWORD#リジェクトソード#

394,2000:2200:2400:2600:2800:3000:3200:3400:3600:3800,0,800:800:800:800:800:1000:1000:1000:1000:1000,0,0	//CG_ARROWVULCAN#アローバルカン#
395,0,0,0,20000:25000:30000:35000:40000,20000:25000:30000:35000:40000	//CG_MOONLIT#月明りの下で#
396,0,0,0,300000,0	//CG_MARIONETTE#マリオネットコントロール#
397,300:500:700:900:1000,0,1200:1400:1600:1800:2000,0,0	//LK_SPIRALPIERCE#スパイラルピアース#
398,0,0,500,0,90000	//LK_HEADCRUSH#ヘッドクラッシュ#
399,800:800:800:800:800:1000:1000:1000:1000:1000,0,0,0,30000	//LK_JOINTBEAT#ジョイントビート#
400,1000,0,1000,0,0 //HW_NAPALMVULCAN#ナパームバルカン#
401,2000,0,0,600000,0	//CH_SOULCOLLECT#練気功#
402,0,0,800:900:1000:1100:1200,30000,0	//PF_MINDBREAKER#マインドブレーカー#
403,0,5000,0,600000,0	//PF_MEMORIZE#メモライズ#
404,0,0,0,20000,40000	//PF_FOGWALL#フォグウォール#
405,0,0,0,30000,8000	//PF_SPIDERWEB#スパイダーウェッブ#
406,500,0,500,0,3000	//ASC_METEORASSAULT#メテオアサルト#
407,0,0,5000,0,0	//ASC_CDP#クリエイトデッドリーポイズン#
408,3000,0,1000,120000,0	//WE_BABY#パパ、ママ、大好き#
409,0,0,0,13000,0	//WE_CALLPARENT#ママ、パパ、来て#
410,0,0,0,13000,0	//WE_CALLBABY#坊や、いらっしゃい#

411,6000:5000:4000:3000:2000:1000:0:0:0:0,0,0,600000,150000	//TK_RUN#タイリギ#
420,0,0,0,500,0	//TK_DODGE#落法#
425,0,0,1000,300000,0	//TK_SEVENWIND#暖かい風#
426,5000:4000:3000:2000:1000,0,0,0,0	//TK_HIGHJUMP#ノプティギ#

427,1000,0,0,0,0	//SG_FEEL#太陽と月と星の感情#
428,1000,0,1000,10000:20000:60000,0	//SG_SUN_WARM#太陽の温もり#
429,1000,0,1000,10000:20000:60000,0	//SG_MOON_WARM#月の温もり#
430,1000,0,1000,10000:20000:60000,0	//SG_STAR_WARM#星の温もり#
431,1000,0,1000,80000:160000:240000:320000,0	//SG_SUN_COMFORT#太陽の安楽#
432,1000,0,1000,80000:160000:240000:320000,0	//SG_MOON_COMFORT#月の安楽#
433,1000,0,1000,80000:160000:240000:320000,0	//SG_STAR_COMFORT#星の安楽#
434,1000,0,0,0,0	//SG_HATE#太陽と月と星の憎悪#
444,1000,0,1000,600000,0	//SG_FUSION#太陽と月と星の融合#

445,0,0,1000,150000:200000:250000:300000:350000,0	//SL_ALCHEMIST#アルケミストの魂#
447,0,0,1000,150000:200000:250000:300000:350000,0	//SL_MONK#モンクの魂#
448,0,0,1000,150000:200000:250000:300000:350000,0	//SL_STAR#拳聖の魂#
449,0,0,1000,150000:200000:250000:300000:350000,0	//SL_SAGE#セージの魂#
450,0,0,1000,150000:200000:250000:300000:350000,0	//SL_CRUSADER#クルセイダーの魂#
451,0,0,1000,150000:200000:250000:300000:350000,0	//SL_SUPERNOVICE#スーパーノービスの魂#
452,0,0,1000,150000:200000:250000:300000:350000,0	//SL_KNIGHT#ナイトの魂#
453,0,0,1000,150000:200000:250000:300000:350000,0	//SL_WIZARD#ウィザードの魂#
454,0,0,1000,150000:200000:250000:300000:350000,0	//SL_PRIEST#プリーストの魂#
455,0,0,1000,150000:200000:250000:300000:350000,0	//SL_BARDDANCER#バードとダンサーの魂#
456,0,0,1000,150000:200000:250000:300000:350000,0	//SL_ROGUE#ローグの魂#
457,0,0,1000,150000:200000:250000:300000:350000,0	//SL_ASSASIN#アサシンの魂#
458,0,0,1000,150000:200000:250000:300000:350000,0	//SL_BLACKSMITH#ブラックスミスの魂#
459,0,0,0,150000,0	//BS_ADRENALINE2#フルアドレナリンラッシュ#
460,0,0,0,150000:200000:250000:300000:350000,0	//SL_HUNTER#ハンターの魂#
461,0,0,0,150000:200000:250000:300000:350000,0	//SL_SOULLINKER#ソウルリンカーの魂#
462,0,4500:4000:3500:3000:2500:2500:2500,0,1800000,0	//SL_KAIZEL#カイゼル#
463,0,0,0,350000,0	//SL_KAAHI#カアヒ#
464,0,0,0,600000,0	//SL_KAUPE#カウプ#
465,6000:5500:5000:4500:4000:3500:3000,0,0,60000:120000:180000:240000:300000:360000:600000,0	//SL_KAITE#カイト#
467,1000,0,500,3000,0	//SL_STIN#エスティン#
468,1000,0,500,3000,0	//SL_STUN#エスタン#
469,2000,0,500,0,0	//SL_SMA#エスマ#
470,0,0,500,1000:2000:3000:4000:5000:6000:7000,0	//SL_SWOO#エスウ#
471,3000:2000:1000,0,0,10000:20000:30000,0	//SL_SKE#エスク#
472,3000:2000:1000,0,0,10000:20000:30000,0	//SL_SKA#エスカ#

475,1000,0,0,600000,0	//ST_PRESERVE#プリザーブ#
476,0,0,1000,75000:90000:105000:120000:135000,0	//ST_FULLSTRIP#フルストリップ#
//477,0,0,0,0,0	//WS_WEAPONREFINE#武器精錬#
478,1000,0,1000,0,0	//CR_SLIMPITCHER#スリムポーションピッチャー#
479,2000,0,0,120000:240000:360000:480000:600000,0	//CR_FULLPROTECTION#フルケミカルチャージ#

480,1000,0,1000,0,0	//PA_SHIELDCHAIN#シールドチェイン#

482,0,2000,0,90000,0	//PF_DOUBLECASTING#ダブルキャスティング#

483,3000,0,5000,0,0	//HW_GANBANTEIN#ガンバンテイン#
484,5000,0,2000,5000:6000:7000:8000:9000,0	//HW_GRAVITATION#グラビテーションフィールド#

486,0,0,0,180000,0	//WS_OVERTHRUSTMAX#オーバートラストマックス#

488,0,0,0,10000:15000:20000:25000:30000,10000:15000:20000:25000:30000	//CG_HERMODE#ヘルモードの杖
489,0,1000,3000,0,0	//CG_TAROTCARD	#運命のタロットカード#
490,1000,0,1000,0,0	//CR_ACIDDEMONSTRATION#アシッドデモンストレーション#

493,1000,0,0,0,0	//TK_MISSION#テコンミッション#
494,0,0,0,150000:200000:250000:300000:350000,0	//SL_HIGH#転生一次職業の魂#
495,0,0,0,300000,0	//KN_ONEHAND#ワンハンドクイッケン#
496,0,3000,10000,50,0//AM_TWILIGHT1#トワイライトファーマシー1#
497,0,3000,10000,50,0//AM_TWILIGHT2#トワイライトファーマシー2#
498,0,3000,10000,50,0//AM_TWILIGHT3#トワイライトファーマシー3#
499,0,0,100,0,0//HT_POWER#ビーストストレイフィング#

500,500,0,0,600000,0	//GS_FLING#フライング#
501,0,0,0,0,30000	//GS_FLING#フライング#
504,0,0,0,15000,0	//GS_MADNESSCANCEL#マッドネスキャンセラー#
505,0,0,0,30000,0	//GS_ADJUSTMENT#アジャストメント#
506,0,0,0,60000,0	//GS_INCREASING#インクリーシングアキュアラシー#
508,0,0,0,0,3000	//GS_CRACKER#クラッカー#
512,1200:1400:1600:1800:2000:2200:2400:2600:2800:3000,0,1000,0,0	//GS_TRACKING#トラッキング#
513,0,0,0,0,30000	//GS_DISARM#ディスアーム#
514,1000,0,1000,0,0	//GS_PIERCINGSHOT#ピアシングショット#
515,0,0,1000,0,0	//GS_RAPIDSHOWER#ラピッドシャワー#
516,1000,0,1000,0,0	//GS_DESPERADO#デスペラード#
517,1000,0,0,30000:45000:60000:75000:90000:105000:120000:135000:150000:160000,0	//GS_GATLINGFEVER#ガトリングフィーバー#
518,1000,0,1000,0,0	//GS_DUST#ダスト#
519,1200:1200:1400:1400:1600:1600:1800:1800:2000:2000,0,1200:1400:1600:1800:2000:2200:2400:2600:2800:3000,0,0	//GS_FULLBUSTER#フルバスター#
520,1000,0,0,0,0	//GS_SPREADATTACK#スプレッドアタック#
521,1000,0,0,3000:6000:9000:12000:15000:18000:21000:24000:27000:30000,0	//GS_GROUNDDRIFT#グラウンドドリフト#

523,0,0,200,0,0	//NJ_SYURIKEN#手裏剣投げ#
524,0,0,200,0,0	//NJ_KUNAI#クナイ投げ#
525,1000,0,200,0,0	//NJ_HUUMA#風魔手裏剣投げ#
526,0,0,5000,0,0//NJ_ZENYNAGE#銭投げ#
527,0,0,3000,1000,3000//NJ_TATAMIGAESHI#畳返し#
528,0,0,500,0,30000:60000:90000:120000:150000:180000:210000:240000:270000:300000	//NJ_KASUMIKIRI	#霞斬り#
529,0,0,0,0,0	//NJ_SHADOWJUMP	#影跳び#
530,0,0,500,0,0	//NJ_KIRIKAGE	#影斬り#
531,0,0,0,20000:30000:40000:50000:60000,0	//NJ_UTSUSEMI	#空蝉の術#
532,3000,0,0,60000:80000:100000:120000:140000:160000:180000:200000:220000:240000,0	//NJ_BUNSINJYUTSU#分身の術#
534,700:1400:2100:2800:3500:4200:4900:5600:6300:7000,0,1000:1200:1400:1600:1800:2000:2200:2400:2600:2800,0,0	//NJ_KOUENKA#紅炎華#
535,3000,0,1000,20000,0	//NJ_KAENSIN#火炎陣#
536,3000,0,1000,0,0	//NJ_BAKUENRYU#爆炎龍#
537,2500:3000:3500:4000:4500:5000:5500:6000:6500:7000,0,300,0,0	//NJ_HYOUSENSOU#氷閃槍#
538,3000,0,1000,15000:20000:25000:30000:35000:40000:45000:50000:55000:60000,15000:20000:25000:30000:35000:40000:45000:50000:55000:60000	//NJ_SUITON#水遁#
539,3000,0,1000:1200:1400:1600:1800:2000:2200:2400:2600:2800,0,10000:11000:12000:13000:14000:15000:16000:17000:18000:19000	//NJ_HYOUSYOURAKU#氷晶落#
540,700:1400:2100:2800:3500:4200:4900:5600:6300:7000,0,1000:1200:1400:1600:1800:2000:2200:2400:2600:2800,0,0	//NJ_HUUJIN#風刃#
541,3000,0,1000,0,0	//NJ_RAIGEKISAI#雷撃砕#
542,3000,0,1000,0,0	//NJ_KAMAITACHI#朔風#
543,1000,0,1000,30000:45000:60000:75000:90000,0	//NJ_NEN#念#
544,3000,0,2000,0,0	//NJ_ISSEN#一閃#

//チャージアタックは３セル以下の基本詠唱で内部で２，３倍にしています
1001,500,0,1000,0,0//KN_CHARGEATK#チャージアタック#
1002,0,0,0,300000,0//CR_SHRINK#シュリンク#
1004,0,0,200,0,0//AS_VENOMKNIFE#ベナムナイフ#
1005,0,0,0,15000,0//RG_CLOSECONFINE#クローズコンファイン#
1006,2000,0,0,120000,0//WZ_SIGHTBLASTER#サイトブラスター#
1008,2000,0,1000,1800000,0//
1009,0,0,200,0,0//HT_PHANTASMIC#ファンタズミックアロー#
1010,0,0,2000,10000,0//BD_PANGVOICE#パンボイス#
1011,0,0,2000,10000,0//DC_WINKCHARM#魅惑のウィンク#
1013,0,0,1000,0,0//BS_GREED#グリード#
1014,0,4000,0,0,0//PR_REDEMPTIO#レデムプティオ#
1015,2000,0,100,600000,0//MO_KITRANSLATION#気功転移#
1016,0,0,2000,0,2000//MO_BALKYOUNG#寸勁#
1017,2000,0,1000,1800000,0//
1018,2000,0,1000,1800000,0//
1019,2000,0,1000,1800000,0//

8001,0,0,1000,0,0	//HLIF_HEAL#治癒の手助け(ヒール)#
8002,0,0,0,40000:35000:30000:25000:20000,35000	//HLIF_AVOID#緊急回避#
8004,0,0,0,60000:180000:300000,600000:900000:1200000	//HLIF_CHANGE#メンタルチェンジ#
8006,0,0,0,40000:35000:30000:25000:20000,30000	//HAMI_DEFENCE#ディフェンス#
8008,0,0,0,60000:180000:300000,300000:600000:900000	//HAMI_BLOODLUST#ブラッドラスト#
8009,0,0,1000,0,0	//HFLI_MOON#ムーンライト#
8010,0,0,0,60000:55000:50000:45000:40000,60000:70000:80000:90000:120000	//HFLI_FLEET#フリートムーブ#
8011,0,0,0,60000:55000:50000:45000:40000,60000:70000:80000:90000:120000	//HFLI_SPEED#オーバードスピード#
8012,0,0,3000,0,0	//HFLI_SBR44#S.B.R.44#
8013,0,0,1000:1200:1400:1600:1800,0,0	//HVAN_CAPRICE#カプリス#
8014,0,0,1000,0,0	//HVAN_CHAOTIC#カオティックベネディクション#
8016,0,0,1000,0,0	//HVAN_EXPLOSION#バイオエクスプロージョン#

//id,cast_list,fixed_cast_list,delay_list,upkeep_time,upkeep_time2
10010,0,0,0,60000,0	//GD_BATTLEORDER#臨戦態勢#
10011,0,1000,0,60000,0	//GD_REGENERATION#激励#
10012,0,1000,0,0,0	//GD_RESTORE#治療#
10013,0,5000,0,0,0	//GD_EMERGENCYCALL#緊急招集#
